0 1 30.0 0.18998850917670806 0.0 483 0.4303731 0.01 100
0 2 123.0 0.25836308154429255 0.0 483 0.4303731 0.01 100
0 3 714.0 0.9516954166634417 0.0 483 0.4303731 0.01 100
0 4 215.0 0.1583713778909911 0.4303731 483 0.4303731 0.01 100
0 5 6886.0 0.3053539361990304 0.4303731 483 0.4303731 0.01 100
0 6 2152.0 0.07690723228550989 6.2757005442 483 0.4303731 0.01 100
0 7 215.0 0.9928950264570091 0.4303731 483 0.4303731 0.01 100
0 8 22.0 0.6512824899172434 0.4303731 483 0.0004303731 0.01 100
0 9 22.0 0.23077597324876553 0.0004303731 483 0.4303731 0.01 100
0 19 953.0 0.3960142661739694 0.4303731 483 0.4303731 0.01 100
0 21 133.0 0.32066841082573894 0.0 483 0.4303731 0.01 100
0 23 13.0 0.8631487529376648 0.0 483 0.4303731 0.01 100
0 28 323.0 0.5780186804168003 0.043037309999999995 483 0.4303731 0.01 100
0 32 7220.0 0.860730263426601 0.0004303731 483 0.4303731 0.01 100
0 34 39.0 0.6061309155707847 0.0 483 0.4303731 0.01 100
0 41 430.0 0.7130196537082384 0.0 483 0.4303731 0.01 100
0 52 2152.0 0.5535284180819708 0.4303731 483 0.4303731 0.01 100
0 65 32.0 0.17433522042453675 0.0 483 0.0004303731 0.01 100
0 75 151.0 0.20261246727702198 0.4303731 483 0.4303731 0.01 100
0 81 2152.0 0.5355474640141245 0.21518655 483 0.4303731 0.01 100
0 91 1851.0 0.6547444992040976 0.4303731 483 0.4303731 0.01 100
1 3 2844.0 0.5886434996882939 0.4303731 483 0.0004303731 0.01 100
1 4 30.0 0.9751756082685101 0.0004303731 483 0.4303731 0.01 100
1 6 9.0 0.8918359774946869 0.4303731 483 0.4303731 0.01 100
1 8 117.0 0.6519610271661677 0.4303731 483 4.303731 0.01 100
1 9 4304.0 0.07319842924281128 0.0 483 0.4303731 0.01 100
1 13 780.0 0.5560487141780145 0.4303731 483 0.4303731 0.01 100
1 15 1015.0 0.6902763193282305 0.0 483 0.4303731 0.01 100
1 18 9.0 0.02599909202970596 0.0 483 0.0 0.01 100
1 20 603.0 0.8283984318801196 0.4303731 483 0.4303731 0.01 100
1 21 43.0 0.816577628114412 0.4295123538 483 0.4303731 0.01 100
1 32 30.0 0.5796066241988257 0.0 483 0.4303731 0.01 100
1 38 172.0 0.1174763384031069 0.0 483 0.4303731 0.01 100
1 57 43.0 0.26411097273812134 0.0 483 0.4303731 0.01 100
1 99 30.0 0.8172067611172942 0.0 483 0.4303731 0.01 100
2 29 323.0 0.8605507764722703 0.4303731 483 0.4303731 0.01 100
2 42 3013.0 0.807307899364687 0.0 483 0.4303731 0.01 100
2 96 861.0 0.8402121620471751 0.4303731 483 0.4303731 0.01 100
3 5 129.0 0.48445946798364936 0.0004303731 483 0.0004303731 0.01 100
3 7 1291.0 0.01925300576168243 0.0 483 0.4303731 0.01 100
3 10 110.0 0.7621068042511588 0.0004303731 483 0.4303731 0.01 100
3 11 891.0 0.727324303146236 0.4303731 483 0.4303731 0.01 100
3 13 861.0 0.27893480239113777 0.0 483 0.4303731 0.01 100
3 15 107.0 0.3785713133014822 0.4303731 483 0.4303731 0.01 100
3 24 172.0 0.16067225843818578 0.0004303731 483 0.4303731 0.01 100
3 33 430.0 0.45822675349269826 0.4303731 483 0.4303731 0.01 100
3 36 646.0 0.4558427446679423 0.4303731 483 0.4303731 0.01 100
3 44 13.0 0.6498323814456737 0.4303731 483 0.4303731 0.01 100
3 47 22.0 0.5230724809156126 0.004303731 483 0.4303731 0.01 100
3 49 1076.0 0.8112503524291194 0.4303731 483 0.4303731 0.01 100
3 58 215.0 0.8328849576249913 0.0 483 0.4303731 0.01 100
3 65 861.0 0.02543556365632227 0.4303731 483 0.0004303731 0.01 100
3 68 215.0 0.8436038300944844 0.0 483 0.0 0.01 100
3 72 538.0 0.80120875028897 0.0 483 0.4303731 0.01 100
3 73 861.0 0.6392556664799536 0.4303731 483 0.4303731 0.01 100
3 74 646.0 0.3376607761168099 0.4303731 483 0.4303731 0.01 100
3 77 1721.0 0.14267903837675255 0.043037309999999995 483 0.4303731 0.01 100
3 99 3443.0 0.6570407106577228 0.4303731 483 0.4303731 0.01 100
4 22 61.0 0.19075753108582494 0.0 483 0.4303731 0.01 100
5 12 215.0 0.0574597256502124 0.0 483 0.4303731 0.01 100
5 42 215.0 0.40430405706645844 0.0004303731 483 0.4303731 0.01 100
5 46 3443.0 0.712607298228463 0.0 483 0.4303731 0.01 100
5 61 129.0 0.9677457871838612 0.0 483 0.4303731 0.01 100
5 90 1291.0 0.025880691701905434 0.4303731 483 0.4303731 0.01 100
6 10 22.0 0.7697467101735992 0.4303731 483 0.4303731 0.01 100
6 27 1657.0 0.9002697757202625 0.0004303731 483 0.4303731 0.01 100
6 35 10.0 0.8715795984115708 0.4303731 483 0.4303731 0.01 100
6 44 32.0 0.2045495006490562 0.4303731 483 0.4303731 0.01 100
6 52 11.0 0.994450338908953 0.0 483 0.4303731 0.01 100
6 79 861.0 0.6338438656451104 0.4303731 483 0.4303731 0.01 100
6 82 912.0 0.44503718696021255 0.0004303731 483 0.4303731 0.01 100
6 93 43.0 0.645519501548991 0.0004303731 483 0.4303731 0.01 100
6 98 30.0 0.5311904041143904 0.4303731 483 0.4303731 0.01 100
7 11 43.0 0.8750921329420887 0.0004303731 483 0.4303731 0.01 100
7 14 215.0 0.48330940017534807 0.0 483 0.4303731 0.01 100
7 18 220.0 0.7457888929410773 0.4303731 483 0.4303731 0.01 100
7 23 215.0 0.20104318111323616 0.4303731 483 0.4303731 0.01 100
7 24 7220.0 0.4011427948896594 0.0004303731 483 0.4303731 0.01 100
7 26 430.0 0.939387873691772 0.0 483 0.4303731 0.01 100
7 29 22.0 0.6711949237622696 2.1518655 483 0.4303731 0.01 100
7 41 172.0 0.8450655006939503 0.0 483 0.4303731 0.01 100
7 60 43.0 0.8479958106074738 0.0 483 0.4303731 0.01 100
7 76 45.0 0.0011881559545758869 2.1518655 483 0.0004303731 0.01 100
7 84 10759.0 0.962309318466627 0.4303731 483 0.4303731 0.01 100
7 89 1721.0 0.11182028459490367 0.0004303731 483 0.4303731 0.01 100
8 31 473.0 0.9134932079615253 0.0 483 0.4303731 0.01 100
8 33 43.0 0.1770154032181489 0.0 483 0.4303731 0.01 100
8 37 3013.0 0.79740683014944 0.4303731 483 0.0004303731 0.01 100
8 57 22.0 0.5873926314816764 0.4303731 483 0.4303731 0.01 100
8 68 26.0 0.7114722465482597 0.4303731 483 21.518655 0.01 100
8 72 430.0 0.9472925328088294 0.4303731 483 0.4303731 0.01 100
9 12 1291.0 0.9398287852784102 0.4303731 483 0.0004303731 0.01 100
9 16 430.0 0.19799571205836097 0.4303731 483 0.4303731 0.01 100
9 38 6456.0 0.05614186722520875 0.0 483 0.0004303731 0.01 100
9 40 6456.0 0.7462109282906425 0.4303731 483 0.4303731 0.01 100
9 56 2152.0 0.8085101997160093 0.4303731 483 0.4303731 0.01 100
9 70 2152.0 0.4105180383152812 0.0004303731 483 0.4303731 0.01 100
9 71 215.0 0.17624633457655337 0.4303731 483 0.4303731 0.01 100
10 14 9.0 0.006830666323201062 2.1518655 483 0.4303731 0.01 100
10 16 143.0 0.24499419167011904 0.0 483 0.4303731 0.01 100
10 17 4304.0 0.803536844884953 0.0 483 0.4303731 0.01 100
10 50 430.0 0.11717666229145962 0.0 483 0.4303731 0.01 100
10 63 1721.0 0.5192565553097905 0.0 483 0.4303731 0.01 100
10 67 215.0 0.03474535371693299 0.4303731 483 0.4303731 0.01 100
10 70 4304.0 0.9422663026320054 0.0 483 0.4303731 0.01 100
11 22 86075.0 0.7195804794273852 0.0 483 0.4303731 0.01 100
11 25 1291.0 0.7748777382547849 0.4303731 483 0.4303731 0.01 100
11 35 430.0 0.3323908313679914 0.28576773839999997 483 0.4303731 0.01 100
11 36 473.0 0.07992643249590436 2.1518655 483 0.4303731 0.01 100
11 45 430.0 0.67955450356887 0.4303731 483 0.0004303731 0.01 100
11 54 861.0 0.8132858441562797 0.043037309999999995 483 0.4303731 0.01 100
11 85 39.0 0.32984833495291876 0.21518655 483 0.4303731 0.01 100
12 39 39.0 0.9553968270506056 0.0 483 0.4303731 0.01 100
12 94 287.0 0.05303913537712768 0.4303731 483 0.4303731 0.01 100
13 17 861.0 0.1791030253282172 0.4303731 483 0.4303731 0.01 100
14 58 129.0 0.448032929920794 0.0 483 0.4303731 0.01 100
15 19 43.0 0.634271249178617 0.0004303731 483 0.4303731 0.01 100
15 20 473.0 0.4929364701508617 0.4303731 483 0.4303731 0.01 100
15 25 30.0 0.3038637330079704 0.4303731 483 0.4303731 0.01 100
15 53 65.0 0.560792707031255 0.0 483 0.4303731 0.01 100
15 54 215.0 0.0526347383956044 0.4303731 483 0.4303731 0.01 100
15 60 1721.0 0.6778298706321134 0.4303731 483 0.4303731 0.01 100
16 26 215.0 0.42899042812902755 0.0004303731 483 0.4303731 0.01 100
16 46 112.0 0.755258854494419 0.0 483 0.4303731 0.01 100
16 51 22.0 0.8581451751129859 0.4303731 483 0.4303731 0.01 100
17 47 603.0 0.697928135044744 0.4303731 483 0.4303731 0.01 100
17 59 52.0 0.41758499544125327 0.0 483 0.4303731 0.01 100
17 69 452.0 0.4911979106809857 0.4303731 483 0.4303731 0.01 100
17 86 22.0 0.7229354045150239 0.0004303731 483 0.0004303731 0.01 100
18 27 6886.0 0.5920055041074487 0.0004303731 483 0.4303731 0.01 100
18 28 22.0 0.24966533545840952 0.0 483 0.4303731 0.01 100
18 43 882.0 0.3978716928816516 0.0004303731 483 0.4303731 0.01 100
18 81 9.0 0.25285484231352673 0.4303731 483 0.4303731 0.01 100
19 80 430.0 0.2652056113847746 0.4303731 483 0.4303731 0.01 100
20 30 9.0 0.9084478340534569 0.0 483 0.0004303731 0.01 100
22 43 43.0 0.20409787688081227 0.0 483 0.4303731 0.01 100
23 69 43.0 0.4683951050373584 0.0004303731 483 0.4303731 0.01 100
23 83 43.0 0.2640695567489727 0.0 483 0.4303731 0.01 100
23 94 646.0 0.5796848200718352 0.0 483 0.4303731 0.01 100
24 30 430.0 0.1139149453234849 0.4303731 483 0.4303731 0.01 100
24 34 2152.0 0.2934954330709496 0.4303731 483 0.4303731 0.01 100
24 39 22.0 0.7498952221453552 0.0 483 0.4303731 0.01 100
24 82 10.0 0.5998070758837517 0.4303731 483 0.4303731 0.01 100
24 83 430.0 0.28124384212061015 2.1518655 483 0.4303731 0.01 100
24 98 129.0 0.39560337566843473 0.4303731 483 0.4303731 0.01 100
26 78 430.0 0.48587225972955295 0.4303731 483 0.4303731 0.01 100
26 79 430.0 0.9909362695243686 0.4303731 483 0.4303731 0.01 100
27 31 617.0 0.40394815134903295 0.4303731 483 0.4303731 0.01 100
27 62 22.0 0.3944123139104446 0.0 483 0.0004303731 0.01 100
27 71 30.0 0.8435206414359353 0.0004303731 483 0.4303731 0.01 100
27 75 38.0 0.6965215812642966 0.4303731 483 0.0004303731 0.01 100
29 40 43.0 0.7962212925238593 0.4303731 483 0.4303731 0.01 100
29 53 4304.0 0.7264566182092318 0.4303731 483 0.4303731 0.01 100
29 76 430.0 0.6047943690836552 0.4303731 483 0.4303731 0.01 100
29 92 8615.0 0.9619709316027842 0.4303731 483 0.4303731 0.01 100
30 74 861.0 0.20553447487144316 2.1518655 483 0.4303731 0.01 100
30 85 54.0 0.46507069178342675 0.4303731 483 0.4303731 0.01 100
30 97 65.0 0.2743575524758819 0.0004303731 483 0.4303731 0.01 100
31 48 215.0 0.6446815518671882 0.4303731 483 0.0 0.01 100
31 73 9.0 0.7480873107080664 0.0 483 0.4303731 0.01 100
31 97 430.0 0.922788483961869 0.0 483 0.4303731 0.01 100
34 61 223.0 0.6483352624347558 0.4303731 483 0.4303731 0.01 100
34 64 861.0 0.07493296312402598 0.4303731 483 0.4303731 0.01 100
34 78 4304.0 0.23516739203683668 0.0 483 0.4303731 0.01 100
34 93 1721.0 0.5042677519738319 0.4303731 483 0.0004303731 0.01 100
35 37 1076.0 0.8639547788952766 0.4303731 483 0.4303731 0.01 100
35 55 43.0 0.42955114324198584 0.4303731 483 0.4303731 0.01 100
36 45 52.0 0.8098167933411694 0.4303731 483 0.4303731 0.01 100
36 56 1291.0 0.8982630385348825 0.4303731 483 21.518655 0.01 100
37 87 18.0 0.04308154573451306 0.0 483 0.4303731 0.01 100
38 77 22.0 0.3386529076299426 0.0004303731 483 0.4303731 0.01 100
39 80 7220.0 0.9036107374330754 0.4303731 483 0.4303731 0.01 100
40 63 430.0 0.7120009392758835 0.4303731 483 0.4303731 0.01 100
41 49 9.0 0.7422675912344762 0.4303731 483 0.4303731 0.01 100
41 51 2783.0 0.7929673711542721 0.0004303731 483 0.4303731 0.01 100
44 55 2152.0 0.03560618332591459 0.4303731 483 0.0004303731 0.01 100
44 86 30.0 0.7758808547979417 0.4303731 483 0.4303731 0.01 100
44 88 22.0 0.8562287201651843 0.4303731 483 0.4303731 0.01 100
44 95 127.0 0.1697816559898756 0.4303731 483 0.4303731 0.01 100
46 48 430.0 0.04037195366082025 0.4303731 483 0.4303731 0.01 100
49 50 430.0 0.6741204973638666 0.4303731 483 0.4303731 0.01 100
49 59 30.0 0.008622997871209237 0.0 483 430.37309999999997 0.01 100
49 95 22.0 0.6763631113590449 0.4303731 483 0.0004303731 0.01 100
50 62 430.0 0.0018031801307873963 0.47341040999999995 483 0.4303731 0.01 100
50 84 430.0 0.28753057219007616 0.0 483 0.4303731 0.01 100
51 64 5425.0 0.3121112977310877 0.0004303731 483 0.4303731 0.01 100
51 66 25.0 0.7508669309969147 0.0 483 0.4303731 0.01 100
51 67 154.0 0.9014183961853222 0.043037309999999995 483 0.4303731 0.01 100
54 92 30.0 0.09400518412465209 0.4303731 483 0.4303731 0.01 100
55 66 5662.0 0.07614032221477407 0.4303731 483 0.4303731 0.01 100
57 90 430.0 0.04671256605516372 0.4303731 483 0.4303731 0.01 100
62 91 7220.0 0.4116514604729601 0.4303731 483 0.4303731 0.01 100
78 88 430.0 0.9690334000047542 0.8607462 483 0.4303731 0.01 100
84 87 142.0 0.2687129536163827 0.4303731 483 0.4303731 0.01 100
86 89 17.0 0.6699541248627061 0.4303731 483 0.4303731 0.01 100
90 96 215.0 0.30699715540395656 2.1518655 483 0.4303731 0.01 100
1 0 30.0 0.18998850917670806 0.0 483 0.4303731 0.01 100
2 0 123.0 0.25836308154429255 0.0 483 0.4303731 0.01 100
3 0 714.0 0.9516954166634417 0.0 483 0.4303731 0.01 100
4 0 215.0 0.1583713778909911 0.4303731 483 0.4303731 0.01 100
5 0 6886.0 0.3053539361990304 0.4303731 483 0.4303731 0.01 100
6 0 2152.0 0.07690723228550989 6.2757005442 483 0.4303731 0.01 100
7 0 215.0 0.9928950264570091 0.4303731 483 0.4303731 0.01 100
8 0 22.0 0.6512824899172434 0.4303731 483 0.0004303731 0.01 100
9 0 22.0 0.23077597324876553 0.0004303731 483 0.4303731 0.01 100
19 0 953.0 0.3960142661739694 0.4303731 483 0.4303731 0.01 100
21 0 133.0 0.32066841082573894 0.0 483 0.4303731 0.01 100
23 0 13.0 0.8631487529376648 0.0 483 0.4303731 0.01 100
28 0 323.0 0.5780186804168003 0.043037309999999995 483 0.4303731 0.01 100
32 0 7220.0 0.860730263426601 0.0004303731 483 0.4303731 0.01 100
34 0 39.0 0.6061309155707847 0.0 483 0.4303731 0.01 100
41 0 430.0 0.7130196537082384 0.0 483 0.4303731 0.01 100
52 0 2152.0 0.5535284180819708 0.4303731 483 0.4303731 0.01 100
65 0 32.0 0.17433522042453675 0.0 483 0.0004303731 0.01 100
75 0 151.0 0.20261246727702198 0.4303731 483 0.4303731 0.01 100
81 0 2152.0 0.5355474640141245 0.21518655 483 0.4303731 0.01 100
91 0 1851.0 0.6547444992040976 0.4303731 483 0.4303731 0.01 100
3 1 2844.0 0.5886434996882939 0.4303731 483 0.0004303731 0.01 100
4 1 30.0 0.9751756082685101 0.0004303731 483 0.4303731 0.01 100
6 1 9.0 0.8918359774946869 0.4303731 483 0.4303731 0.01 100
8 1 117.0 0.6519610271661677 0.4303731 483 4.303731 0.01 100
9 1 4304.0 0.07319842924281128 0.0 483 0.4303731 0.01 100
13 1 780.0 0.5560487141780145 0.4303731 483 0.4303731 0.01 100
15 1 1015.0 0.6902763193282305 0.0 483 0.4303731 0.01 100
18 1 9.0 0.02599909202970596 0.0 483 0.0 0.01 100
20 1 603.0 0.8283984318801196 0.4303731 483 0.4303731 0.01 100
21 1 43.0 0.816577628114412 0.4295123538 483 0.4303731 0.01 100
32 1 30.0 0.5796066241988257 0.0 483 0.4303731 0.01 100
38 1 172.0 0.1174763384031069 0.0 483 0.4303731 0.01 100
57 1 43.0 0.26411097273812134 0.0 483 0.4303731 0.01 100
99 1 30.0 0.8172067611172942 0.0 483 0.4303731 0.01 100
29 2 323.0 0.8605507764722703 0.4303731 483 0.4303731 0.01 100
42 2 3013.0 0.807307899364687 0.0 483 0.4303731 0.01 100
96 2 861.0 0.8402121620471751 0.4303731 483 0.4303731 0.01 100
5 3 129.0 0.48445946798364936 0.0004303731 483 0.0004303731 0.01 100
7 3 1291.0 0.01925300576168243 0.0 483 0.4303731 0.01 100
10 3 110.0 0.7621068042511588 0.0004303731 483 0.4303731 0.01 100
11 3 891.0 0.727324303146236 0.4303731 483 0.4303731 0.01 100
13 3 861.0 0.27893480239113777 0.0 483 0.4303731 0.01 100
15 3 107.0 0.3785713133014822 0.4303731 483 0.4303731 0.01 100
24 3 172.0 0.16067225843818578 0.0004303731 483 0.4303731 0.01 100
33 3 430.0 0.45822675349269826 0.4303731 483 0.4303731 0.01 100
36 3 646.0 0.4558427446679423 0.4303731 483 0.4303731 0.01 100
44 3 13.0 0.6498323814456737 0.4303731 483 0.4303731 0.01 100
47 3 22.0 0.5230724809156126 0.004303731 483 0.4303731 0.01 100
49 3 1076.0 0.8112503524291194 0.4303731 483 0.4303731 0.01 100
58 3 215.0 0.8328849576249913 0.0 483 0.4303731 0.01 100
65 3 861.0 0.02543556365632227 0.4303731 483 0.0004303731 0.01 100
68 3 215.0 0.8436038300944844 0.0 483 0.0 0.01 100
72 3 538.0 0.80120875028897 0.0 483 0.4303731 0.01 100
73 3 861.0 0.6392556664799536 0.4303731 483 0.4303731 0.01 100
74 3 646.0 0.3376607761168099 0.4303731 483 0.4303731 0.01 100
77 3 1721.0 0.14267903837675255 0.043037309999999995 483 0.4303731 0.01 100
99 3 3443.0 0.6570407106577228 0.4303731 483 0.4303731 0.01 100
22 4 61.0 0.19075753108582494 0.0 483 0.4303731 0.01 100
12 5 215.0 0.0574597256502124 0.0 483 0.4303731 0.01 100
42 5 215.0 0.40430405706645844 0.0004303731 483 0.4303731 0.01 100
46 5 3443.0 0.712607298228463 0.0 483 0.4303731 0.01 100
61 5 129.0 0.9677457871838612 0.0 483 0.4303731 0.01 100
90 5 1291.0 0.025880691701905434 0.4303731 483 0.4303731 0.01 100
10 6 22.0 0.7697467101735992 0.4303731 483 0.4303731 0.01 100
27 6 1657.0 0.9002697757202625 0.0004303731 483 0.4303731 0.01 100
35 6 10.0 0.8715795984115708 0.4303731 483 0.4303731 0.01 100
44 6 32.0 0.2045495006490562 0.4303731 483 0.4303731 0.01 100
52 6 11.0 0.994450338908953 0.0 483 0.4303731 0.01 100
79 6 861.0 0.6338438656451104 0.4303731 483 0.4303731 0.01 100
82 6 912.0 0.44503718696021255 0.0004303731 483 0.4303731 0.01 100
93 6 43.0 0.645519501548991 0.0004303731 483 0.4303731 0.01 100
98 6 30.0 0.5311904041143904 0.4303731 483 0.4303731 0.01 100
11 7 43.0 0.8750921329420887 0.0004303731 483 0.4303731 0.01 100
14 7 215.0 0.48330940017534807 0.0 483 0.4303731 0.01 100
18 7 220.0 0.7457888929410773 0.4303731 483 0.4303731 0.01 100
23 7 215.0 0.20104318111323616 0.4303731 483 0.4303731 0.01 100
24 7 7220.0 0.4011427948896594 0.0004303731 483 0.4303731 0.01 100
26 7 430.0 0.939387873691772 0.0 483 0.4303731 0.01 100
29 7 22.0 0.6711949237622696 2.1518655 483 0.4303731 0.01 100
41 7 172.0 0.8450655006939503 0.0 483 0.4303731 0.01 100
60 7 43.0 0.8479958106074738 0.0 483 0.4303731 0.01 100
76 7 45.0 0.0011881559545758869 2.1518655 483 0.0004303731 0.01 100
84 7 10759.0 0.962309318466627 0.4303731 483 0.4303731 0.01 100
89 7 1721.0 0.11182028459490367 0.0004303731 483 0.4303731 0.01 100
31 8 473.0 0.9134932079615253 0.0 483 0.4303731 0.01 100
33 8 43.0 0.1770154032181489 0.0 483 0.4303731 0.01 100
37 8 3013.0 0.79740683014944 0.4303731 483 0.0004303731 0.01 100
57 8 22.0 0.5873926314816764 0.4303731 483 0.4303731 0.01 100
68 8 26.0 0.7114722465482597 0.4303731 483 21.518655 0.01 100
72 8 430.0 0.9472925328088294 0.4303731 483 0.4303731 0.01 100
12 9 1291.0 0.9398287852784102 0.4303731 483 0.0004303731 0.01 100
16 9 430.0 0.19799571205836097 0.4303731 483 0.4303731 0.01 100
38 9 6456.0 0.05614186722520875 0.0 483 0.0004303731 0.01 100
40 9 6456.0 0.7462109282906425 0.4303731 483 0.4303731 0.01 100
56 9 2152.0 0.8085101997160093 0.4303731 483 0.4303731 0.01 100
70 9 2152.0 0.4105180383152812 0.0004303731 483 0.4303731 0.01 100
71 9 215.0 0.17624633457655337 0.4303731 483 0.4303731 0.01 100
14 10 9.0 0.006830666323201062 2.1518655 483 0.4303731 0.01 100
16 10 143.0 0.24499419167011904 0.0 483 0.4303731 0.01 100
17 10 4304.0 0.803536844884953 0.0 483 0.4303731 0.01 100
50 10 430.0 0.11717666229145962 0.0 483 0.4303731 0.01 100
63 10 1721.0 0.5192565553097905 0.0 483 0.4303731 0.01 100
67 10 215.0 0.03474535371693299 0.4303731 483 0.4303731 0.01 100
70 10 4304.0 0.9422663026320054 0.0 483 0.4303731 0.01 100
22 11 86075.0 0.7195804794273852 0.0 483 0.4303731 0.01 100
25 11 1291.0 0.7748777382547849 0.4303731 483 0.4303731 0.01 100
35 11 430.0 0.3323908313679914 0.28576773839999997 483 0.4303731 0.01 100
36 11 473.0 0.07992643249590436 2.1518655 483 0.4303731 0.01 100
45 11 430.0 0.67955450356887 0.4303731 483 0.0004303731 0.01 100
54 11 861.0 0.8132858441562797 0.043037309999999995 483 0.4303731 0.01 100
85 11 39.0 0.32984833495291876 0.21518655 483 0.4303731 0.01 100
39 12 39.0 0.9553968270506056 0.0 483 0.4303731 0.01 100
94 12 287.0 0.05303913537712768 0.4303731 483 0.4303731 0.01 100
17 13 861.0 0.1791030253282172 0.4303731 483 0.4303731 0.01 100
58 14 129.0 0.448032929920794 0.0 483 0.4303731 0.01 100
19 15 43.0 0.634271249178617 0.0004303731 483 0.4303731 0.01 100
20 15 473.0 0.4929364701508617 0.4303731 483 0.4303731 0.01 100
25 15 30.0 0.3038637330079704 0.4303731 483 0.4303731 0.01 100
53 15 65.0 0.560792707031255 0.0 483 0.4303731 0.01 100
54 15 215.0 0.0526347383956044 0.4303731 483 0.4303731 0.01 100
60 15 1721.0 0.6778298706321134 0.4303731 483 0.4303731 0.01 100
26 16 215.0 0.42899042812902755 0.0004303731 483 0.4303731 0.01 100
46 16 112.0 0.755258854494419 0.0 483 0.4303731 0.01 100
51 16 22.0 0.8581451751129859 0.4303731 483 0.4303731 0.01 100
47 17 603.0 0.697928135044744 0.4303731 483 0.4303731 0.01 100
59 17 52.0 0.41758499544125327 0.0 483 0.4303731 0.01 100
69 17 452.0 0.4911979106809857 0.4303731 483 0.4303731 0.01 100
86 17 22.0 0.7229354045150239 0.0004303731 483 0.0004303731 0.01 100
27 18 6886.0 0.5920055041074487 0.0004303731 483 0.4303731 0.01 100
28 18 22.0 0.24966533545840952 0.0 483 0.4303731 0.01 100
43 18 882.0 0.3978716928816516 0.0004303731 483 0.4303731 0.01 100
81 18 9.0 0.25285484231352673 0.4303731 483 0.4303731 0.01 100
80 19 430.0 0.2652056113847746 0.4303731 483 0.4303731 0.01 100
30 20 9.0 0.9084478340534569 0.0 483 0.0004303731 0.01 100
43 22 43.0 0.20409787688081227 0.0 483 0.4303731 0.01 100
69 23 43.0 0.4683951050373584 0.0004303731 483 0.4303731 0.01 100
83 23 43.0 0.2640695567489727 0.0 483 0.4303731 0.01 100
94 23 646.0 0.5796848200718352 0.0 483 0.4303731 0.01 100
30 24 430.0 0.1139149453234849 0.4303731 483 0.4303731 0.01 100
34 24 2152.0 0.2934954330709496 0.4303731 483 0.4303731 0.01 100
39 24 22.0 0.7498952221453552 0.0 483 0.4303731 0.01 100
82 24 10.0 0.5998070758837517 0.4303731 483 0.4303731 0.01 100
83 24 430.0 0.28124384212061015 2.1518655 483 0.4303731 0.01 100
98 24 129.0 0.39560337566843473 0.4303731 483 0.4303731 0.01 100
78 26 430.0 0.48587225972955295 0.4303731 483 0.4303731 0.01 100
79 26 430.0 0.9909362695243686 0.4303731 483 0.4303731 0.01 100
31 27 617.0 0.40394815134903295 0.4303731 483 0.4303731 0.01 100
62 27 22.0 0.3944123139104446 0.0 483 0.0004303731 0.01 100
71 27 30.0 0.8435206414359353 0.0004303731 483 0.4303731 0.01 100
75 27 38.0 0.6965215812642966 0.4303731 483 0.0004303731 0.01 100
40 29 43.0 0.7962212925238593 0.4303731 483 0.4303731 0.01 100
53 29 4304.0 0.7264566182092318 0.4303731 483 0.4303731 0.01 100
76 29 430.0 0.6047943690836552 0.4303731 483 0.4303731 0.01 100
92 29 8615.0 0.9619709316027842 0.4303731 483 0.4303731 0.01 100
74 30 861.0 0.20553447487144316 2.1518655 483 0.4303731 0.01 100
85 30 54.0 0.46507069178342675 0.4303731 483 0.4303731 0.01 100
97 30 65.0 0.2743575524758819 0.0004303731 483 0.4303731 0.01 100
48 31 215.0 0.6446815518671882 0.4303731 483 0.0 0.01 100
73 31 9.0 0.7480873107080664 0.0 483 0.4303731 0.01 100
97 31 430.0 0.922788483961869 0.0 483 0.4303731 0.01 100
61 34 223.0 0.6483352624347558 0.4303731 483 0.4303731 0.01 100
64 34 861.0 0.07493296312402598 0.4303731 483 0.4303731 0.01 100
78 34 4304.0 0.23516739203683668 0.0 483 0.4303731 0.01 100
93 34 1721.0 0.5042677519738319 0.4303731 483 0.0004303731 0.01 100
37 35 1076.0 0.8639547788952766 0.4303731 483 0.4303731 0.01 100
55 35 43.0 0.42955114324198584 0.4303731 483 0.4303731 0.01 100
45 36 52.0 0.8098167933411694 0.4303731 483 0.4303731 0.01 100
56 36 1291.0 0.8982630385348825 0.4303731 483 21.518655 0.01 100
87 37 18.0 0.04308154573451306 0.0 483 0.4303731 0.01 100
77 38 22.0 0.3386529076299426 0.0004303731 483 0.4303731 0.01 100
80 39 7220.0 0.9036107374330754 0.4303731 483 0.4303731 0.01 100
63 40 430.0 0.7120009392758835 0.4303731 483 0.4303731 0.01 100
49 41 9.0 0.7422675912344762 0.4303731 483 0.4303731 0.01 100
51 41 2783.0 0.7929673711542721 0.0004303731 483 0.4303731 0.01 100
55 44 2152.0 0.03560618332591459 0.4303731 483 0.0004303731 0.01 100
86 44 30.0 0.7758808547979417 0.4303731 483 0.4303731 0.01 100
88 44 22.0 0.8562287201651843 0.4303731 483 0.4303731 0.01 100
95 44 127.0 0.1697816559898756 0.4303731 483 0.4303731 0.01 100
48 46 430.0 0.04037195366082025 0.4303731 483 0.4303731 0.01 100
50 49 430.0 0.6741204973638666 0.4303731 483 0.4303731 0.01 100
59 49 30.0 0.008622997871209237 0.0 483 430.37309999999997 0.01 100
95 49 22.0 0.6763631113590449 0.4303731 483 0.0004303731 0.01 100
62 50 430.0 0.0018031801307873963 0.47341040999999995 483 0.4303731 0.01 100
84 50 430.0 0.28753057219007616 0.0 483 0.4303731 0.01 100
64 51 5425.0 0.3121112977310877 0.0004303731 483 0.4303731 0.01 100
66 51 25.0 0.7508669309969147 0.0 483 0.4303731 0.01 100
67 51 154.0 0.9014183961853222 0.043037309999999995 483 0.4303731 0.01 100
92 54 30.0 0.09400518412465209 0.4303731 483 0.4303731 0.01 100
66 55 5662.0 0.07614032221477407 0.4303731 483 0.4303731 0.01 100
90 57 430.0 0.04671256605516372 0.4303731 483 0.4303731 0.01 100
91 62 7220.0 0.4116514604729601 0.4303731 483 0.4303731 0.01 100
88 78 430.0 0.9690334000047542 0.8607462 483 0.4303731 0.01 100
87 84 142.0 0.2687129536163827 0.4303731 483 0.4303731 0.01 100
89 86 17.0 0.6699541248627061 0.4303731 483 0.4303731 0.01 100
96 90 215.0 0.30699715540395656 2.1518655 483 0.4303731 0.01 100