71 87 7.68 2
37 34 60.41 5
97 12 5.37 6
73 88 7.63 6
55 59 82.66 7
37 69 785.16 8
73 78 123.7 8
52 56 735.87 9
49 91 37.0 9
54 74 43.25 10
95 52 49.0 10
89 82 9.99 11
89 86 484.5 13
93 37 3.57 13
89 39 755.0 14
59 45 89.99 14
49 96 1.0 17
30 86 8.99 19
74 93 0.89 20
76 96 0.76 20
27 56 140.0 21
94 62 100.0 22
91 64 1.48 22
89 55 235.5 23
87 59 10.0 26
69 96 1.98 27
69 94 3.99 27
37 95 215.91 28
37 86 41.9 32
95 39 1.0 33
14 88 315.77 33
14 99 29.77 37
73 91 3.79 38
86 69 11.49 39
23 63 40.0 39
96 98 82.98 39
86 35 10.74 39
93 72 7.84 41
34 69 31.31 44
86 92 1.0 45
91 12 2.99 46
27 90 4.72 46
61 35 103.99 49
45 67 137.67 50
95 86 129.0 51
52 12 79.9 52
63 36 0.08 52
64 55 26.88 52
14 49 1.81 53
76 82 38.52 53
54 81 15.99 54
99 55 3.58 54
99 14 1.0 56
39 27 149.0 57
63 23 8.99 58
69 49 403.37 59
61 37 59.0 59
86 82 1.4 60
89 82 11.53 61
48 86 17.99 62
78 27 5.91 62
69 15 49.4 63
54 86 1.98 69
15 97 1.96 71
72 77 30.86 72
27 71 17.0 73
35 80 311.0 76
91 15 12.95 78
34 81 22.4 79
75 71 37.53 79
75 72 15.0 79
97 77 1.0 83
71 99 15.39 83
99 55 51.99 85
96 73 0.68 86
92 69 1.98 87
39 11 448.28 88
92 89 504.01 89
35 71 80.0 90
12 91 22.0 93
69 74 14.2 93
83 45 46.94 94
70 52 2.99 96
87 80 75.32 97
55 56 60.9 97
61 50 4.13 97
39 45 34.16 98
90 91 28.75 98
33 75 23.0 99
71 81 50.99 101
30 78 19.95 102
88 37 59.0 103
34 81 261.76 105
98 86 18.17 106
45 35 1.98 108
41 30 2.46 108
94 14 14.0 109
97 41 3.76 109
90 73 369.68 109
38 88 1.0 110
69 98 6.99 110
79 15 334.0 110
86 94 42.21 111
45 27 2.28 112
76 15 60.71 113
71 82 18.4 115
64 99 378.0 117
76 77 10.0 118
82 49 2.12 118
39 93 592.52 118
92 48 151.99 120
59 41 9.99 120
72 96 34.22 120
76 97 379.9 121
71 38 224.6 121
48 30 4.46 121
33 95 4.49 123
95 61 222.0 123
92 12 1.0 125
86 76 6.99 126
12 27 2.28 126
64 12 44.52 127
88 45 237.0 127
89 73 59.0 127
87 27 300.0 129
96 48 220.0 133
91 54 104.93 134
63 37 86.5 135
98 41 39.99 137
79 27 82.0 137
91 54 76.97 137
41 36 1.12 139
49 63 37.49 139
86 90 51.72 140
12 98 473.88 141
62 93 45.31 142
90 98 9.11 142
48 64 45.0 142
98 30 120.4 143
49 74 104.94 143
69 72 352.24 143
78 54 23.34 144
90 12 26.99 144
41 72 60.0 145
93 14 0.76 146
69 49 40.85 146
45 74 1.98 146
59 62 3.99 147
72 71 188.48 147
45 14 15.0 147
36 74 49.99 149
11 48 122.25 152
67 54 18.99 152
93 81 7.78 152
36 69 12.98 154
15 27 54.95 157
15 73 0.89 158
54 39 12.14 159
71 39 83.16 160
11 15 4.5 162
77 27 0.89 162
80 33 28.94 167
69 97 499.0 168
94 77 9.87 168
83 62 3.59 170
74 83 89.99 171
81 37 55.03 171
23 87 110.0 172
92 97 73.4 172
83 54 19.9 173
54 62 41.13 175
75 41 132.0 178
93 80 52.78 178
96 79 3.77 178
35 59 10.0 178
90 72 20.0 178
67 72 5.0 180
89 52 57.97 185
99 72 4.95 186
74 82 9.27 186
77 81 20.0 188
71 93 190.39 189
52 15 56.84 189
86 81 41.56 189
69 67 12.99 189
35 87 1.38 189
49 75 35.0 191
89 50 57.0 191
39 93 61.5 191
82 27 13.85 192
38 35 1.56 193
37 38 0.89 194
56 94 8.69 196
52 91 14.9 197
83 97 9.84 197
38 59 15.0 198
62 37 49.9 198
98 50 33.0 198
45 96 5.49 198
80 30 17.35 201
92 15 112.0 202
59 27 0.99 202
80 70 1.0 202
93 97 152.97 203
30 55 4.45 203
77 50 1.78 204
96 91 110.0 204
50 36 4.49 205
88 50 159.95 205
33 73 230.58 208
67 30 1.98 208
56 82 39.9 208
82 62 37.38 208
82 54 73.7 208
64 33 29.99 209
54 50 1.0 209
83 93 435.0 210
75 61 173.95 212
97 35 342.17 215
67 93 2.49 218
93 45 2.79 219
71 38 6.66 219
70 86 66.2 220
36 92 7.28 220
79 98 1264.57 221
73 41 35.04 221
79 48 65.2 222
12 97 5.0 222
87 79 113.0 223
78 23 15.89 223
33 50 33.63 224
77 81 24.9 225
38 30 8.91 226
50 71 50.25 228
83 76 35.97 229
89 56 8.99 231
96 64 33.0 235
73 63 4.49 238
88 94 311.58 239
98 92 15.41 239
96 36 1.98 240
54 96 18.99 242
73 69 100.0 242
95 91 9.07 242
50 70 0.76 243
91 33 186.19 244
72 61 1381.42 245
59 56 124.19 245
39 90 52.0 245
11 89 9.42 246
12 78 13.86 246
79 86 20.0 246
36 75 3.59 246
54 50 22.9 246
62 88 4.74 249
55 38 29.68 249
74 62 26.57 250
87 38 8.88 252
12 38 2.69 253
89 88 5.31 253
71 54 1.29 253
59 69 498.0 254
15 77 0.99 257
38 48 2.0 257
69 71 1.78 259
23 80 16.92 260
95 71 5.98 261
82 97 1.0 261
56 41 5.99 264
45 76 35.9 264
12 27 16.16 269
99 64 34.0 272
34 37 53.98 274
37 93 6.45 275
79 70 30.04 275
73 63 5.83 277
48 96 323.12 278
88 14 76.96 279
61 71 104.59 280
80 77 61.26 280
92 86 67.67 283
59 55 12.0 284
97 99 119.95 284
41 39 0.69 286
23 98 2.49 287
97 48 0.12 287
92 71 1411.0 290
75 79 5.96 292
89 90 6.45 292
94 72 73.3 293
72 49 104.67 294
59 35 83.88 296
52 71 10.98 297
35 41 1018.98 299
11 39 0.95 301
83 14 66.32 302
93 41 36.8 302
55 35 4.75 303
48 88 135.0 303
23 99 1.52 303
89 95 39.0 305
27 94 0.77 305
39 38 1.52 305
41 94 55.54 306
15 35 20.9 307
64 69 8.0 307
98 82 5.0 308
70 69 0.2 308
36 63 1.0 310
91 87 42.6 310
39 90 117.7 310
59 75 1.0 311
78 30 178.53 311
78 30 21.28 311
50 52 7.5 311
78 92 26.16 312
37 72 43.5 312
93 61 13.31 315
52 72 5.39 315
69 64 1.0 317
64 71 0.76 318
11 62 28.0 322
72 79 4.99 322
93 94 16.88 322
97 88 58.16 323
72 95 15.95 324
97 45 4.48 325
73 50 17.0 326
14 49 1.98 328
67 38 10.0 329
56 36 1.0 329
86 89 19.78 330
81 78 30.2 330
41 15 55.85 331
63 12 18.61 332
75 37 1.0 332
38 33 2.27 332
23 33 23.43 333
96 48 3.59 333
55 69 1.88 335
81 77 186.0 336
14 77 9.0 338
23 34 60.14 339
75 80 2404.0 340
91 79 104.66 340
69 96 552.35 341
74 75 20.0 342
61 77 34.0 343
78 35 69.99 343
87 52 5.0 346
74 14 23.9 346
34 87 172.04 347
27 98 124.0 348
76 30 15.0 348
93 70 7.9 348
83 71 96.0 349
89 98 1.98 349
90 78 0.77 349
56 35 8.57 350
36 45 8.9 351
77 88 104.45 351
99 54 9.59 354
59 27 66.85 354
52 50 249.68 354
91 82 7.7 361
54 49 2.12 362
39 55 62.17 364
30 27 19.95 364
45 49 36.79 364
79 15 23.0 364
82 88 1.54 365
49 69 168.29 366
79 52 261.0 367
90 95 9.8 368
67 77 17.95 369
45 69 22.0 370
91 35 55.19 370
14 48 2.39 370
33 27 1.5 371
82 87 0.77 373
12 35 18.98 374
14 72 19.51 374
78 96 26.9 375
96 67 8.98 376
56 88 3.64 376
74 77 1.29 377
23 36 1.98 377
91 72 389.0 377
64 83 0.99 378
48 15 1.0 379
14 11 99.99 379
80 33 6.28 381
63 76 89.95 382
49 90 106.83 382
33 67 1.0 382
38 96 3.58 382
82 34 2.99 383
27 81 18.15 383
56 54 0.12 387
33 37 90.0 388
50 75 14.95 388
78 12 92.86 388
34 52 24.99 390
67 95 0.89 393
50 79 50.92 393
37 77 11.99 394
49 88 9.99 396
35 14 64.99 400
99 59 1.79 400
67 30 9.99 400
99 38 1.0 401
55 54 21.58 401
73 54 577.41 403
36 76 15.0 403
98 74 0.89 404
35 56 15.0 405
78 38 158.0 406
97 69 5.49 406
67 70 39.0 407
71 12 11.85 408
94 49 2.68 408
81 72 42.14 409
81 39 0.99 409
77 98 170.0 410
59 33 24.12 410
70 63 47.19 410
86 37 0.76 411
87 83 9.99 412
38 94 57.41 414
12 70 0.89 415
62 49 29.78 416
64 73 0.77 417
83 50 15.85 418
82 37 17.28 420
30 94 25.1 421
77 80 23.1 422
77 89 0.76 423
41 91 5.94 428
81 83 18.95 429
37 67 40.0 429
55 38 18.99 429
37 15 265.25 431
69 88 1.98 431
27 82 0.01 432
78 49 37.07 433
33 39 145.54 433
59 37 8.43 434
67 49 54.99 434
12 89 7.53 439
73 63 0.89 440
72 92 36.0 442
73 92 9.99 442
96 11 9.99 443
33 55 5.0 443
63 56 225.0 444
45 50 42.81 445
35 45 209.49 447
23 36 1.0 447
77 63 0.89 452
14 96 211.0 454
67 90 99.52 455
69 15 192.95 458
87 83 40.0 458
67 91 4.31 458
12 70 34.26 459
91 77 13.53 462
77 15 2.86 462
61 74 11.56 462
12 93 500.0 463
79 77 119.19 466
38 54 196.7 466
54 11 1531.6 466
54 39 97.67 466
89 96 11.05 466
89 94 8.9 469
38 90 324.59 470
45 39 11.85 474
97 15 69.5 475
90 69 0.89 476
92 70 13.49 477
59 97 5.0 478
83 23 105.0 478
14 74 57.37 479
83 79 65.0 480
89 55 112.39 480
33 39 0.76 481
72 50 85.25 481
12 99 78.0 482
61 72 4.9 483
67 30 130.99 485
67 70 10.0 486
98 88 338.4 487
86 79 124.96 487
63 41 10.77 487
93 55 1.79 489
39 83 111.08 489
49 87 67.9 489
38 95 99.0 490
54 63 35.0 490
38 70 1029.0 491
90 75 10.0 494
59 90 10.0 494
34 76 89.91 495
71 79 59.12 495
67 55 1.98 496
87 55 427.61 497
52 23 50.82 499
49 92 5.0 499
59 49 319.9 502
41 71 5.94 502
61 45 11.85 506
56 73 4.0 508
61 83 11.0 508
50 74 1.0 509
27 91 9.99 510
41 23 7.16 511
87 99 42.31 513
49 23 1.98 513
83 64 2.0 513
38 50 774.82 516
45 99 514.9 516
96 90 240.68 517
27 75 1.0 518
34 93 55.94 519
54 69 20.0 520
12 93 1.79 521
98 70 0.01 521
96 11 190.58 522
93 56 106.5 523
63 52 178.0 524
34 91 103.34 525
41 69 67.4 525
70 95 8.04 525
23 14 5.37 525
71 70 16.89 529
56 37 2.49 530
94 27 19.95 531
92 41 252.9 532
88 86 48.0 533
55 30 0.01 534
71 38 10.0 535
50 97 8.92 536
69 90 731.01 537
71 50 11.5 537
37 30 131.15 539
97 95 72.67 539
39 99 2.01 540
37 92 50.0 540
56 76 59.98 541
63 67 2.0 542
92 99 1.98 542
35 88 9.77 543
74 67 92.5 544
75 86 2.97 544
12 98 6.25 545
69 45 18.45 547
15 74 12.0 547
14 56 9.21 552
33 55 139.72 552
70 99 0.77 553
83 33 60.0 554
69 95 8.99 554
79 30 35.39 555
62 39 15.0 555
35 30 11.0 555
12 80 116.0 555
86 82 16.72 556
45 79 11.85 557
39 56 3.8 557
70 81 13.05 559
15 99 13.99 560
39 36 444.61 560
23 11 4.99 561
77 92 0.99 561
45 56 15.0 561
41 35 8.47 562
61 55 71.94 562
63 52 35.94 562
50 75 9.32 563
79 39 45.53 563
14 55 8.8 563
11 95 11.95 565
11 39 16.97 565
56 97 43.44 568
48 83 95.0 568
75 90 11.5 569
96 56 18.15 572
92 96 125.4 574
52 91 13.95 574
99 76 10.68 575
56 99 12.99 575
89 56 91.0 577
55 89 729.39 579
69 78 53.91 580
34 50 6.0 580
70 81 70.49 580
73 86 67.0 581
69 15 100.37 582
96 74 395.41 583
55 34 138.0 583
86 73 44.22 584
48 74 24.99 584
67 15 1.0 584
73 80 28.0 585
93 14 20.0 586
87 88 57.5 588
87 45 27.83 588
41 75 850.0 589
67 99 9.83 590
48 62 9.99 591
50 15 14.99 595
35 97 7.58 596
83 74 81.2 598
14 36 59.85 599
82 69 8.0 599
15 59 24.99 599
39 59 6.02 600
63 15 48.0 600
89 37 1.29 601
50 77 36.3 601
86 49 89.99 604
35 71 5.0 604
96 63 29.52 605
30 55 20.0 606
96 55 0.99 606
80 50 41.27 607
76 79 8.72 607
39 37 112.0 608
74 15 50.0 609
94 27 29.99 610
89 92 6.42 612
12 90 14.57 612
54 96 56.82 614
37 77 120.0 615
75 80 39.99 615
77 76 11.27 617
71 33 49.99 617
79 80 70.0 617
30 91 15.19 618
30 11 129.0 619
99 89 39.99 620
45 11 444.89 623
12 27 23.49 626
73 98 192.0 626
52 88 75.9 627
83 52 5.38 627
94 62 22.61 628
61 12 116.9 628
82 56 3.67 629
96 14 273.15 630
38 67 1.46 631
91 97 270.33 631
86 88 2.0 632
88 52 0.99 633
77 62 77.6 635
30 67 93.8 635
39 49 1.0 636
95 78 7.6 636
67 91 1.98 637
54 36 54.0 638
23 88 27.21 638
48 79 4.73 638
50 61 212.17 638
88 92 20.78 638
33 48 204.93 639
94 67 7.25 640
97 69 34.66 641
89 64 17.99 646
98 63 613.41 648
69 12 2.58 652
82 79 56.71 653
52 64 49.2 655
79 45 54.19 656
41 67 298.8 657
75 64 402.0 659
67 36 24.85 659
99 48 11.73 660
78 39 199.0 662
98 62 14.49 663
11 71 20.0 663
27 76 21.87 664
30 81 12.05 665
78 67 12.59 666
15 59 0.92 666
62 78 1.0 667
14 76 113.9 667
62 11 263.88 668
14 80 207.02 668
11 77 30.0 669
36 39 4.99 670
99 48 19.99 671
49 55 20.25 676
11 78 15.95 677
95 23 14.99 678
34 62 3.76 679
96 48 9.36 679
61 45 0.99 679
55 27 0.77 679
50 75 14.0 681
14 76 84.7 681
49 99 34.4 683
71 64 20.41 684
90 61 22.5 687
73 33 33.85 689
89 83 490.0 689
93 48 59.9 690
34 27 30.0 691
91 70 64.27 691
89 63 2.0 692
30 91 306.3 692
12 81 2.28 693
71 77 166.56 695
70 89 66.61 696
49 56 600.0 697
37 49 2.0 701
81 38 0.89 703
80 88 99.0 703
35 81 3.6 703
95 71 24.5 704
97 12 0.55 704
54 34 2506.57 706
63 95 0.89 706
41 63 124.0 706
89 49 13.98 706
45 82 7.14 708
87 39 287.72 708
78 87 4.99 710
39 94 30.35 710
54 50 4.73 711
14 45 12.31 714
98 49 94.0 714
86 97 0.99 716
30 86 45.0 716
76 78 10.0 717
81 80 6.45 718
37 55 16.13 719
89 50 3.59 720
41 95 16.89 720
82 78 95.65 721
48 38 2571.28 722
75 79 15.27 722
48 87 49.0 723
50 72 2.69 724
38 36 9.49 725
87 79 20.0 726
77 98 9.99 729
56 38 300.0 729
35 80 59.99 730
27 56 4.49 731
88 95 1.0 732
49 67 881.66 733
34 41 14.78 737
37 38 1.29 738
12 73 76.5 739
63 39 102.25 739
95 91 1000.0 739
87 62 389.56 740
11 73 1.0 742
89 61 2.69 742
11 88 7.64 743
76 11 19.95 745
14 91 11.63 746
64 93 2.31 748
56 38 1.0 750
33 76 0.89 751
15 54 80.0 751
14 83 1.79 752
95 56 115.65 753
77 61 23.92 753
54 15 152.24 755
75 71 10.76 755
78 45 23.0 759
76 41 137.0 761
48 45 246.12 762
62 82 93.82 763
97 79 45.36 763
41 36 36.42 764
72 78 306.85 765
33 92 1.78 768
72 15 32.0 768
23 59 67.34 769
56 64 90.0 772
50 81 39.95 772
37 92 1.0 773
12 48 0.89 775
34 59 35.49 776
67 41 2.28 776
67 36 156.56 779
62 95 31.99 780
73 64 13.72 781
97 54 9.99 782
33 52 100.0 783
64 98 1023.16 783
39 80 8.0 784
87 55 23.08 785
11 93 0.89 785
93 33 1.0 786
79 96 23.89 789
37 64 36.0 789
99 94 0.76 791
50 45 47.0 791
93 82 82.63 793
38 96 29.56 793
12 89 55.64 795
23 79 104.65 796
99 23 19.0 797
77 11 1.93 799
71 14 1.46 799
38 34 115.5 800
80 99 1.51 800
92 62 1.41 802
15 52 14.8 804
78 70 0.76 804
34 33 31.0 805
56 63 175.63 809
15 30 38.9 809
34 41 85.8 810
94 73 9.99 810
34 35 53.96 812
34 50 39.95 814
94 49 485.43 814
82 75 62.0 815
36 90 104.0 819
86 70 0.99 819
81 69 9.99 819
62 64 46.25 820
73 95 20.0 820
91 11 32.75 821
55 82 30.11 821
70 86 41.2 821
99 73 170.56 822
12 83 126.44 823
77 96 8.03 824
97 12 14.7 824
63 36 12.29 825
80 30 16.34 827
49 86 148.0 827
11 88 35.95 828
73 72 12.95 829
34 59 14.0 830
62 15 92.0 831
12 90 0.99 832
15 80 20.0 836
72 30 62.7 836
81 83 1029.76 837
63 52 38.88 837
87 41 99.04 838
48 39 491.88 838
55 61 2.29 838
67 86 109.66 838
56 33 0.76 840
81 96 14.9 840
15 33 35.26 840
14 23 125.0 841
11 15 916.14 843
12 30 50.0 845
98 49 1058.0 846
12 83 39.99 847
36 63 22.69 847
89 88 78.0 847
41 79 0.77 848
36 14 1.98 849
61 54 455.0 850
82 59 18.44 855
56 92 7.7 856
96 80 9.0 857
63 88 93.46 858
78 86 0.89 860
33 23 3.99 860
41 86 155.85 860
54 90 17.03 862
23 72 0.77 865
72 48 49.99 866
27 77 40.0 867
63 86 623.02 869
81 82 2.75 871
78 92 152.15 872
95 87 70.0 873
38 36 0.75 873
45 95 24.72 874
81 45 896.6 874
92 36 7.59 874
34 67 328.79 875
96 55 2.5 877
35 11 16.99 878
23 38 10.0 878
30 74 18.88 878
87 11 75.98 878
87 34 99.82 879
63 75 26.07 879
88 12 30.0 879
56 61 43.0 879
99 48 54.0 879
76 41 35.69 881
59 92 1.0 883
11 33 0.99 885
11 15 125.0 888
76 11 1.29 890
11 23 1.0 891
34 30 24.81 892
62 77 1583.89 893
12 96 5.99 894
54 30 2.29 894
98 36 20.45 894
27 78 339.96 895
96 15 13.52 896
95 56 144.62 896
11 54 1.57 898
15 12 50.0 898
23 75 56.03 898
37 88 11.5 898
33 62 159.28 898
34 80 2.28 899
79 83 67.23 901
90 41 1.0 901
82 89 22.26 903
38 56 530.2 903
34 23 7.84 903
27 80 19.99 905
79 30 9.99 906
89 80 269.24 906
37 99 2.17 907
27 38 239.76 907
93 30 38.4 908
55 34 20.0 908
77 71 20.0 909
36 91 18.4 910
52 77 726.81 911
34 88 94.96 911
82 62 251.59 913
69 71 43.34 915
35 45 1.79 915
96 49 144.0 916
86 64 163.16 917
93 78 1.98 917
54 27 4.99 917
48 39 23.0 918
37 94 6.99 919
59 15 9.99 920
76 54 18.9 920
75 82 49.0 922
70 92 125.0 922
87 88 502.0 925
89 86 2.69 926
72 50 29.99 926
93 39 125.29 928
89 90 3.56 928
74 12 776.58 929
67 94 1.0 930
77 79 39.95 930
91 34 1.98 934
59 77 70.77 934
12 49 5.99 937
83 27 1.0 937
83 94 60.0 938
64 97 10.43 939
38 71 65.5 939
75 83 4.28 939
30 39 30.86 941
14 92 34.95 941
76 74 0.99 946
12 71 19.85 946
72 80 1.0 946
23 15 89.0 947
75 93 25.98 948
61 72 49.98 949
55 92 8.66 949
69 54 318.16 951
62 64 7.96 951
11 41 573.44 951
38 83 5.78 952
77 56 18.36 952
82 79 11.5 953
89 94 88.0 954
82 12 10.0 955
33 72 1.98 955
77 15 9.99 955
90 79 19.27 958
14 35 0.76 959
36 83 3.59 960
63 80 13.4 962
69 76 79.95 963
90 83 23.43 963
63 81 0.89 967
55 69 64.7 969
96 12 22.58 970
78 15 32.56 970
12 59 35.97 971
39 14 19.38 973
37 86 112.0 975
76 94 4.96 975
75 71 185.2 975
38 89 31.46 976
54 63 20.0 978
50 64 47.85 978
92 97 39.99 979
97 87 1.98 980
71 14 26.5 980
30 49 36.26 981
69 99 1.98 982
77 61 10.0 982
99 90 399.65 983
82 90 35.64 986
86 79 12.0 986
54 80 9.99 987
92 30 1.98 989
93 79 26.66 990
76 82 47.98 991
92 12 160.0 991
41 90 40.85 992
27 96 51.34 995
39 64 43.06 998
61 86 57.5 999
41 55 11.99 1000
54 23 27.5 1001
73 39 1.29 1001
37 93 530.85 1002
91 63 5.27 1002
64 55 47.85 1002
79 69 37.72 1003
11 76 1.29 1004
15 64 75.69 1005
23 78 78.0 1005
37 30 24.78 1007
59 77 1.0 1009
74 11 27.59 1010
49 99 15.5 1011
48 45 104.0 1012
99 95 6.53 1014
71 33 109.0 1014
73 61 13.04 1015
67 79 63.23 1015
39 15 187.0 1017
80 73 156.48 1018
27 83 294.0 1020
64 34 17.9 1021
90 59 283.44 1022
11 27 17.78 1024
81 61 9.83 1024
52 76 22.38 1024
99 90 49.93 1025
45 82 39.99 1025
88 92 49.99 1025
79 48 25.0 1026
96 94 1.51 1027
49 70 40.4 1027
48 90 0.89 1028
67 23 36.48 1029
36 74 229.54 1029
98 11 1.5 1029
92 81 89.95 1032
41 82 14.99 1033
36 82 2.73 1033
45 12 12.87 1033
83 93 7.99 1034
33 50 7.49 1035
76 94 7.36 1035
23 14 177.44 1036
95 39 1.0 1036
77 71 168.33 1036
27 38 57.96 1037
71 79 5.36 1037
36 35 922.0 1038
56 23 337.84 1038
92 81 50.0 1038
63 48 1.0 1040
30 91 1.0 1040
89 76 257.4 1043
45 62 20.0 1045
37 91 6.99 1046
48 72 0.89 1048
81 79 17.79 1050
34 86 50.77 1051
96 62 1.0 1051
56 61 15.0 1051
74 71 237.3 1051
78 88 199.99 1052
73 96 1.75 1053
71 74 38.76 1053
75 98 10.65 1055
87 86 4.49 1055
87 59 51.06 1056
37 72 16.0 1057
98 72 10.99 1059
90 48 49.0 1059
75 14 219.0 1061
15 89 9.93 1063
95 38 29.0 1067
12 52 0.76 1067
95 86 54.48 1067
56 63 23.68 1067
34 81 3.0 1068
86 64 44.85 1069
56 48 255.32 1070
99 87 21.34 1070
55 88 46.95 1071
70 14 133.0 1073
30 62 509.75 1074
23 62 89.0 1075
49 71 41.11 1075
11 71 6.18 1075
41 98 69.0 1075
94 34 9.99 1077
27 98 1.0 1078
64 96 75.0 1078
38 72 23.45 1078
72 55 1.98 1080
15 70 15.95 1081
63 36 35.62 1082
36 71 26.81 1083
61 33 1.53 1083
15 37 20.0 1084
73 37 3085.14 1085
88 38 64.87 1085
81 33 12.6 1085
56 89 39.8 1087
75 93 17.97 1087
15 63 0.01 1088
83 88 15.0 1090
12 69 1.0 1092
30 90 6.87 1094
36 93 36.98 1094
87 52 5.8 1095
61 55 10.7 1096
89 48 83.43 1096
61 14 1.29 1099
49 70 6.85 1099
88 69 890.0 1100
80 71 218.0 1100
89 81 4.88 1101
38 67 57.85 1101
96 82 1.29 1101
64 69 162.81 1102
77 80 254.0 1104
63 12 37.27 1104
38 62 5.0 1104
49 78 5.29 1105
35 23 34.8 1105
73 94 4.99 1105
93 11 40.0 1106
78 52 3.9 1111
36 77 0.76 1112
38 70 164.59 1114
78 14 1.0 1115
15 55 15.63 1117
88 67 23.23 1117
61 90 98.75 1117
95 92 6.26 1117
86 11 4.49 1118
99 83 3.99 1118
67 54 161.3 1119
75 30 1.79 1119
36 92 10.65 1120
30 67 5.44 1120
61 62 202.0 1120
79 11 76.94 1122
59 48 2.69 1122
87 36 18.96 1122
61 78 18.88 1124
56 59 122.32 1125
87 55 1.0 1125
81 77 0.89 1127
73 49 15.0 1128
11 70 42.45 1129
36 71 37.5 1130
61 50 20.92 1131
92 83 7.1 1131
11 35 36.0 1132
81 73 474.65 1133
69 38 115.51 1133
35 98 122.0 1137
33 91 120.95 1138
87 91 1.79 1141
62 89 1.04 1142
96 34 3.69 1142
94 97 1.15 1142
37 95 18.92 1143
27 41 2297.74 1143
30 70 1.79 1144
56 61 179.4 1145
35 77 64.71 1145
49 70 16.9 1145
61 34 89.0 1150
12 83 1.0 1152
81 11 2.99 1153
71 36 4.99 1154
12 93 3.79 1155
87 78 0.99 1158
83 89 8.75 1159
56 54 78.22 1159
37 59 375.0 1163
23 33 9.95 1164
92 87 98.09 1164
34 48 54.18 1164
98 92 237.13 1164
98 89 189.28 1166
97 34 27.52 1167
15 78 110.7 1168
62 78 0.89 1168
91 23 28.68 1169
61 14 0.99 1171
41 50 144.5 1171
15 61 1.98 1172
61 38 1.29 1172
36 82 3.87 1174
62 97 22.98 1175
76 72 14.99 1176
93 80 72.0 1176
90 71 400.0 1177
64 72 52.8 1179
98 34 34.83 1180
90 92 2.5 1182
93 90 1.79 1185
93 69 49.99 1187
98 99 118.9 1187
90 61 1918.5 1187
14 80 19.9 1188
62 27 144.0 1189
27 94 3.84 1190
67 97 9.4 1190
37 90 1.0 1191
38 74 1500.0 1192
77 45 3.87 1192
14 45 52.39 1193
36 39 29.98 1195
99 96 8.69 1199
99 48 10.0 1200
90 61 56.0 1201
52 54 44.85 1202
63 62 1.0 1203
23 77 10.0 1203
71 97 1.0 1205
23 98 46.9 1206
89 69 0.89 1207
64 37 8.36 1207
23 64 12.1 1208
64 93 89.0 1208
81 99 12.99 1209
63 81 1.0 1209
72 54 423.82 1211
23 89 8.06 1211
49 98 950.0 1215
95 83 112.0 1216
59 23 97.0 1217
59 34 75.22 1217
97 41 7.9 1218
45 15 6.99 1218
73 27 10.99 1218
96 39 49.9 1219
50 41 77.0 1220
71 45 1.0 1222
77 80 5.71 1223
36 52 92.94 1223
34 14 19.5 1224
64 62 7.68 1226
87 61 5.59 1226
87 12 60.42 1227
74 76 15.44 1230
33 77 1.18 1230
54 23 57.45 1231
76 39 1.98 1231
79 64 145.56 1232
30 96 1.0 1232
11 56 0.77 1235
82 80 9.99 1236
41 87 20.0 1237
86 34 49.22 1237
54 64 24.95 1238
69 82 11.5 1238
75 80 1.0 1239
87 73 13.49 1241
37 45 99.9 1242
89 90 37.0 1242
56 14 15.0 1244
90 93 15.46 1244
50 12 1.79 1245
96 80 58.65 1245
15 69 74.99 1246
61 95 78.54 1246
56 35 42.0 1249
37 83 107.54 1251
98 91 73.37 1252
12 14 69.0 1253
87 70 5.0 1254
96 48 5.36 1254
41 98 178.94 1254
39 36 1.99 1255
89 92 348.33 1256
63 96 49.27 1257
79 45 249.34 1258
93 87 15.95 1259
92 96 1.99 1260
91 62 1.0 1263
56 76 83.09 1267
38 74 1.79 1267
81 76 71.05 1267
36 81 9.39 1269
52 48 120.0 1269
50 92 60.16 1270
63 39 190.0 1272
41 96 236.74 1272
69 88 60.67 1272
88 34 14.56 1273
81 71 298.4 1275
99 33 689.84 1275
73 49 36.0 1276
77 62 99.0 1276
96 87 48.0 1279
50 34 78.93 1283
77 81 9.99 1284
63 30 16.0 1288
63 83 50.0 1289
34 89 1.18 1289
63 74 53.06 1289
50 88 366.0 1290
80 89 223.75 1290
12 82 9.83 1291
35 98 613.35 1292
62 27 48.55 1292
91 39 0.78 1294
97 49 1.0 1295
27 71 62.25 1295
78 96 179.91 1296
70 49 301.0 1297
59 15 4.52 1297
96 95 69.99 1297
75 71 17.55 1298
59 38 60.0 1299
36 15 15.0 1300
38 34 14.95 1302
89 45 15.0 1303
75 14 4.47 1303
90 33 171.9 1303
86 91 521.75 1304
72 73 1.0 1304
88 91 1.79 1304
76 33 20.0 1305
90 88 0.99 1305
54 27 2.0 1306
30 97 1.6 1306
41 63 50.0 1307
77 97 172.25 1310
86 93 23.1 1312
75 93 90.0 1313
79 52 10.0 1313
34 30 1.0 1313
93 90 1.98 1315
64 86 3.79 1316
74 34 24.99 1317
74 86 53.4 1318
95 77 87.0 1318
41 23 0.99 1319
90 27 20.0 1320
87 33 92.5 1320
98 35 1.0 1320
54 61 4.0 1321
80 27 4.49 1322
95 41 0.89 1324
73 96 21.99 1325
14 74 6.99 1325
75 90 64.99 1330
15 64 0.1 1330
35 62 18.97 1330
41 90 838.0 1331
96 72 3.27 1331
37 93 35.0 1333
67 56 139.0 1334
74 39 1.0 1335
97 23 19.1 1335
97 37 6.05 1336
93 92 20.91 1336
34 99 1.29 1336
74 14 23.94 1336
94 55 23.8 1337
94 88 10.0 1338
14 39 0.89 1339
54 56 30.34 1340
35 61 690.96 1341
71 87 1.78 1342
33 11 364.88 1342
45 71 97.22 1342
35 97 480.0 1343
92 95 1.0 1343
41 93 15.0 1344
70 39 25.0 1347
69 35 5.75 1348
35 78 197.4 1348
36 39 8.0 1349
88 23 15.0 1350
99 69 4.84 1350
70 95 89.99 1352
30 77 65.26 1352
76 95 1.0 1353
50 97 0.77 1354
70 61 7.7 1355
30 76 90.4 1355
52 91 1.0 1355
37 45 60.0 1356
95 55 23.95 1358
82 89 6.99 1358
49 80 81.27 1359
79 99 38.97 1360
35 81 19.99 1360
73 56 94.5 1362
74 54 11.77 1363
88 73 39.9 1363
74 14 23.29 1363
95 97 177.0 1365
54 87 4.99 1365
93 34 103.55 1365
33 80 129.99 1366
76 34 134.1 1368
27 39 22.0 1368
33 80 34.94 1371
61 71 40.0 1373
14 72 127.78 1375
83 90 1.0 1376
52 75 5.03 1378
55 90 191.0 1378
80 41 1.79 1378
37 55 295.09 1380
98 79 19.08 1380
56 91 1.0 1381
86 64 10.0 1382
54 98 104.39 1383
89 64 36.35 1383
64 71 229.46 1384
75 91 257.28 1384
96 38 44.12 1385
76 59 5.99 1391
76 69 45.7 1391
81 73 42.6 1392
67 61 149.3 1392
75 89 6.95 1393
74 48 61.92 1394
78 75 445.25 1395
93 92 134.99 1396
12 71 6.28 1397
75 76 0.89 1399
48 70 46.8 1400
14 93 5.35 1400
39 50 17.0 1401
11 98 10.87 1401
96 97 0.89 1402
27 36 102.9 1405
95 39 33.03 1405
63 11 15.04 1406
79 89 17.56 1406
36 54 409.18 1407
92 56 107.07 1409
11 34 89.99 1410
75 89 96.75 1412
27 95 17.0 1415
52 79 11.5 1416
67 97 160.0 1419
80 50 9.99 1420
36 94 3.12 1422
74 15 23.0 1425
50 99 3.58 1426
87 80 37.7 1426
36 37 2.28 1426
30 38 8.36 1427
63 45 0.99 1428
73 90 2.69 1429
95 36 250.0 1429
67 70 445.25 1430
81 59 66.58 1430
48 76 29.99 1431
87 49 42.81 1432
39 67 1.98 1432
59 82 52.0 1436
79 89 125.3 1438
27 61 12.31 1438
37 64 0.76 1439
59 52 0.77 1439
38 88 79.99 1441
37 94 53.9 1442
27 64 1.29 1444
81 86 69.53 1444
89 80 0.76 1448
75 71 36.0 1448
61 87 39.95 1450
36 50 11.38 1450
91 77 98.15 1450
12 54 24.95 1453
59 70 465.32 1454
82 92 40.47 1454
69 63 39.95 1454
93 75 13.0 1455
86 97 93.61 1456
62 61 7.25 1456
90 87 11.0 1457
45 95 348.96 1459
97 76 8.99 1462
55 27 42.47 1462
55 34 1.78 1463
67 75 201.57 1464
62 97 28.62 1465
62 78 699.0 1466
86 39 1.0 1466
62 69 13.62 1466
64 98 952.16 1467
41 48 121.33 1467
52 14 82.17 1467
33 23 0.76 1468
41 62 6.99 1469
73 93 99.6 1470
50 79 1.0 1470
99 15 9.0 1471
41 38 11.27 1473
76 80 0.89 1475
38 83 7.7 1476
99 64 4.0 1478
94 75 11.99 1478
95 92 9.8 1479
56 82 319.99 1479
62 89 1.98 1480
72 30 77.0 1480
14 83 16.99 1480
27 98 54.94 1481
34 39 55.0 1482
27 89 8.99 1485
89 33 31.75 1489
70 39 0.89 1489
37 52 29.95 1492
41 52 0.89 1496
88 34 0.12 1498
23 34 127.9 1498
92 99 1.0 1499
70 59 6.95 1499
11 39 10.0 1501
11 34 161.0 1503
87 76 13.52 1508
63 80 165.0 1509
34 69 164.5 1509
67 55 10.0 1510
97 63 136.35 1511
93 41 89.99 1511
81 77 8.99 1512
45 79 15.18 1513
69 76 9.95 1513
30 15 81.4 1518
69 41 3.99 1520
37 93 39.0 1521
55 83 236.01 1521
90 15 5.26 1522
70 71 6.9 1524
56 30 1.29 1526
33 73 79.98 1526
56 89 29.0 1528
89 75 214.98 1529
63 88 126.0 1529
30 93 4.0 1530
54 37 3.59 1533
52 91 65.57 1533
23 99 5.99 1534
91 52 1.98 1534
82 64 138.38 1535
74 77 4.99 1535
62 59 66.26 1538
71 67 5.0 1539
36 35 176.0 1540
38 55 7.79 1542
79 14 10.0 1542
72 86 25.0 1542
99 52 34.0 1543
11 74 41.78 1544
83 52 69.99 1547
93 67 7.76 1547
92 36 60.69 1550
63 73 79.92 1551
56 61 48.17 1554
37 80 0.89 1555
30 23 11.99 1555
99 39 49.29 1560
14 67 29.0 1560
38 37 64.89 1562
36 33 21.0 1563
34 39 327.6 1564
94 97 74.0 1566
91 63 6.6 1566
80 76 1.98 1567
52 30 10.4 1567
33 63 158.0 1569
73 72 4.49 1570
73 30 15.6 1570
39 71 11.5 1571
15 41 45.0 1574
74 91 17.99 1574
89 86 369.02 1576
39 55 19.95 1576
61 89 16.88 1578
90 79 9.34 1578
80 30 177.44 1579
98 74 1.0 1580
80 73 22.72 1580
75 36 75.46 1580
37 39 1.98 1582
38 39 48.61 1583
77 71 19.98 1583
71 73 375.0 1584
98 63 179.92 1584
61 33 15.0 1584
75 87 22.88 1585
74 87 240.0 1585
50 54 1.0 1585
69 36 1.0 1586
45 75 210.0 1587
23 86 59.99 1589
90 49 68.0 1589
80 23 56.0 1589
55 74 195.83 1590
45 41 15.0 1593
49 45 10.0 1593
11 76 80.9 1594
56 77 22.95 1595
89 77 3.99 1596
88 12 15.9 1597
70 77 27.66 1598
14 99 9.99 1599
89 45 245.6 1601
92 88 3.99 1601
92 37 1.0 1602
70 83 39.9 1602
27 45 22.55 1604
89 91 77.65 1604
63 75 1.98 1604
99 12 78.86 1607
73 11 456.91 1608
27 96 420.4 1609
87 83 19.99 1610
74 75 64.85 1612
86 12 1.0 1613
41 97 201.0 1615
48 62 166.51 1616
49 34 34.9 1616
93 77 4.99 1617
64 96 9.98 1618
49 45 11.0 1618
67 86 4.38 1622
82 81 4.65 1622
97 48 36.8 1623
34 62 1.0 1623
76 92 2.69 1626
90 81 29.0 1628
35 90 0.77 1630
15 41 89.9 1631
89 33 80.0 1632
73 96 187.32 1633
64 78 0.15 1634
90 48 508.2 1634
12 41 12.31 1639
30 94 1.0 1640
82 99 3828.04 1641
97 62 3.2 1642
72 95 130.49 1643
34 14 70.0 1643
78 39 0.76 1644
96 45 1.0 1644
64 72 15.0 1644
12 41 4.49 1645
98 11 19.0 1645
35 89 15.95 1646
23 95 20.0 1647
69 92 128.26 1647
91 80 9.99 1648
64 88 9.99 1648
71 95 84.0 1652
88 76 287.94 1653
62 97 7.55 1654
96 63 27.14 1655
12 67 61.54 1655
80 37 24.04 1661
87 35 265.25 1662
93 73 4.29 1663
15 93 50.0 1663
38 56 28.75 1664
90 62 1.0 1664
75 82 16.73 1664
78 76 0.76 1665
72 98 11.98 1665
98 86 558.0 1666
27 48 18.0 1666
35 69 511.89 1667
63 73 2.69 1668
86 38 9.0 1669
64 98 56.7 1670
86 11 141.0 1671
77 74 24.95 1672
96 70 6.42 1672
94 93 65.0 1674
49 70 142.83 1674
67 97 1184.2 1676
11 37 7.56 1677
92 38 44.0 1677
96 95 1.0 1678
64 89 1.0 1680
14 30 2.28 1683
70 95 15.95 1683
72 39 240.17 1685
30 87 57.0 1685
63 38 11.5 1687
92 50 20.0 1687
56 11 1.79 1687
72 94 202.77 1687
72 56 46.89 1687
64 83 17.99 1688
97 34 6.26 1688
83 55 86.0 1690
77 94 172.0 1691
64 87 9.03 1692
39 87 0.89 1693
97 76 315.0 1693
75 73 39.0 1695
79 59 5.36 1698
14 30 10.0 1700
72 30 9.72 1701
15 56 138.0 1702
92 39 99.04 1704
37 92 4.49 1706
61 34 8.37 1707
15 33 1.79 1707
79 59 209.0 1707
61 92 65.26 1709
97 79 168.0 1711
48 98 9.99 1711
82 30 630.06 1715
76 15 8.99 1716
11 91 31.99 1717
27 59 61.22 1718
80 79 89.9 1719
56 93 13.53 1721
34 90 71.4 1722
14 74 18.26 1723
48 78 352.97 1723
61 38 1.98 1723
87 33 5.0 1725
93 38 18.58 1726
99 30 9.98 1726
98 93 58.42 1727
94 87 5.0 1727
78 23 89.99 1729
71 39 644.19 1731
80 50 10.0 1731
56 96 59.95 1733
61 62 235.63 1737
79 63 99.39 1738
12 35 108.9 1738
98 38 148.6 1740
63 23 1.79 1740
90 41 85.8 1740
80 77 49.99 1743
15 37 45.5 1746
27 35 4.99 1746
73 37 139.78 1746
39 70 24.19 1747
95 33 163.54 1747
99 48 84.95 1747
61 98 34.95 1748
88 75 1.0 1750
14 30 12.42 1750
12 90 2378.83 1750
56 77 7.16 1752
72 45 223.44 1753
69 79 116.0 1753
92 12 1.6 1755
39 73 41.76 1756
69 50 49.95 1761
11 14 2.69 1762
75 34 24.0 1763
92 95 51.29 1764
86 38 47.75 1766
56 39 7.83 1767
83 78 532.0 1771
14 71 19.95 1771
76 11 0.89 1772
99 91 10.0 1773
74 33 4.49 1773
88 56 676.82 1778
70 38 60.0 1782
76 91 10.0 1782
98 63 71.5 1782
86 48 16.52 1783
77 86 776.0 1784
71 45 104.45 1785
82 89 0.89 1787
64 41 119.0 1788
80 69 29.0 1790
73 37 69.97 1791
56 81 19.0 1791
77 41 49.0 1791
86 78 4.99 1793
38 27 15.0 1793
74 27 1.98 1794
75 63 192.63 1795
96 97 7.99 1800
48 70 22.24 1802
73 75 122.8 1802
64 34 1.0 1805
71 38 153.0 1806
35 14 0.99 1807
78 89 29.0 1808
38 75 112.27 1809
99 81 41.85 1809
45 90 25.0 1811
56 50 8.99 1812
64 73 53.19 1813
91 94 5.0 1816
33 77 6.49 1816
78 34 0.01 1817
71 64 20.22 1817
69 59 21.18 1819
95 98 450.89 1820
37 82 3.78 1820
94 72 41.7 1822
69 98 1.79 1822
38 52 311.9 1822
30 48 0.68 1824
90 54 54.89 1825
45 34 22.63 1826
12 35 7.0 1827
93 50 1170.8 1829
77 62 1.51 1829
62 73 4.0 1829
82 92 2.99 1831
49 33 12.06 1831
23 77 24.95 1832
87 97 80.0 1834
77 67 19.99 1834
71 70 25.14 1834
67 56 181.0 1835
77 75 5.0 1837
67 70 141.62 1840
88 15 13.73 1840
54 93 5.85 1841
80 93 0.89 1844
62 79 1.98 1846
75 30 0.89 1846
11 79 285.7 1847
69 15 1.29 1848
71 27 29.51 1849
88 81 2119.24 1850
83 36 76.55 1852
94 48 1619.0 1852
55 95 1.0 1855
59 83 32.8 1855
12 92 49.99 1856
27 34 14.23 1857
55 80 89.99 1857
81 88 4.91 1858
70 71 15.97 1858
64 61 159.98 1861
83 54 0.22 1863
11 87 0.89 1864
67 88 107.0 1864
98 83 4.54 1866
63 59 23.74 1866
56 90 7862.39 1867
45 97 23.96 1867
34 30 12.9 1869
62 15 9.78 1873
14 27 17.99 1874
82 38 37.92 1874
67 61 17.99 1874
23 52 9.99 1874
94 63 52.01 1875
81 61 1.79 1877
34 14 53.4 1881
12 64 49.85 1882
79 81 29.99 1882
90 64 6.02 1883
89 33 50.35 1883
74 55 150.39 1886
71 61 31.15 1886
76 73 14.95 1886
80 34 15.95 1887
62 74 109.0 1893
37 30 729.09 1894
87 72 37.5 1894
56 89 1.99 1895
67 49 2.69 1896
50 14 1.98 1897
50 82 182.5 1898
80 59 27.85 1902
12 70 9.99 1902
81 90 17.99 1902
90 74 32.59 1903
88 97 60.0 1903
82 15 72.82 1905
72 79 49.98 1905
91 95 1200.0 1906
93 88 154.9 1908
92 88 107.0 1911
74 59 28.0 1911
49 92 22.99 1913
64 55 151.5 1913
34 88 5.5 1914
61 93 0.89 1915
63 35 139.95 1917
52 87 0.77 1918
62 35 83.4 1920
63 39 632.92 1920
82 92 3.0 1921
45 62 38.52 1923
86 88 60.85 1924
94 75 8.0 1925
71 38 4.49 1925
79 48 9.0 1929
56 15 4.07 1929
88 27 0.99 1932
89 76 157.56 1932
83 93 188.27 1935
61 41 2.27 1935
55 79 0.89 1937
61 12 63.35 1939
98 89 10.59 1941
78 50 9.46 1942
56 61 1.98 1942
49 93 152.79 1943
34 74 5.95 1943
70 72 1.0 1944
30 96 99.1 1944
38 77 2.34 1951
86 74 12.15 1953
86 88 9.87 1953
97 35 7.58 1953
96 73 39.2 1953
36 81 197.84 1954
83 96 9.1 1954
37 71 49.65 1956
54 59 0.99 1956
56 33 0.79 1958
37 55 74.0 1962
50 83 1.0 1963
12 74 24.33 1964
14 12 312.32 1965
11 73 180.0 1966
35 70 89.99 1966
76 97 4.0 1970
89 83 2.31 1970
73 87 150.9 1970
79 81 1.29 1970
99 54 457.5 1970
97 75 27.9 1973
59 83 0.76 1974
45 23 9.99 1974
96 52 12.95 1975
35 96 14.46 1978
87 67 8.99 1979
89 96 4.99 1979
74 39 0.77 1983
23 93 5.0 1984
62 82 5.99 1984
97 76 20.67 1984
37 81 28.98 1987
70 82 13.99 1994
70 64 664.5 1995
34 90 9.47 1995
97 33 60.0 1995
35 79 0.99 1997
73 33 63.65 1998
80 79 4.49 2000
78 50 84.94 2000
78 73 1.79 2001
12 30 18.82 2002
11 37 9.87 2004
89 36 1.98 2006
61 95 5.42 2007
15 11 1.98 2007
37 89 1.0 2007
72 91 10.95 2007
95 48 4.49 2007
76 91 31.9 2009
72 11 1.79 2010
78 83 11.5 2011
91 49 219.0 2011
50 33 3.4 2013
73 75 1.0 2013
12 63 0.76 2013
48 35 23.93 2014
11 94 57.99 2014
41 39 59.0 2016
38 52 0.99 2020
48 64 1.0 2020
49 72 4.99 2020
67 77 19.63 2022
88 89 22.65 2023
77 67 167.95 2023
92 70 1.78 2025
41 49 1.98 2025
63 73 20.99 2027
62 93 29.95 2029
27 88 200.37 2030
50 95 99.62 2030
78 72 207.65 2031
99 92 1.78 2033
62 74 3.87 2035
78 67 73.8 2035
27 71 3.78 2038
71 11 60.4 2038
38 75 1.0 2039
38 36 84.0 2042
71 78 1074.8 2042
88 56 0.81 2043
83 78 41.99 2043
95 35 58.55 2045
50 78 9.48 2045
69 91 18.23 2046
62 87 9.99 2047
77 45 142.76 2050
97 98 0.99 2050
59 39 67.46 2050
87 54 2.67 2051
41 83 35.0 2051
70 81 18.08 2052
91 64 9.57 2052
77 52 2.86 2055
63 77 30.58 2057
93 76 52.1 2057
11 70 52.98 2059
93 89 1.54 2064
23 15 8.0 2065
63 64 132.82 2065
79 86 121.27 2067
38 41 1.0 2067
15 78 0.77 2068
49 96 4.99 2068
72 39 11.3 2068
67 78 436.49 2069
76 98 15.9 2072
64 76 1.51 2075
92 61 1.51 2076
76 15 1.79 2076
87 64 74.99 2079
48 93 4.49 2079
54 87 175.65 2082
74 99 95.31 2082
39 75 2.58 2084
82 88 122.36 2084
88 15 9.9 2085
50 33 33.23 2087
89 76 2.35 2088
62 27 4.61 2092
80 86 33.51 2092
33 87 15.0 2093
61 41 7.56 2095
63 12 290.38 2096
73 98 75.6 2097
55 89 8.9 2097
56 95 20.99 2099
89 11 0.89 2099
15 50 30.99 2099
49 34 8.0 2100
56 62 15.0 2101
82 33 33.0 2101
59 34 29.99 2102
80 71 13.99 2103
89 48 147.15 2104
71 62 119.88 2104
89 86 1.6 2104
54 98 9.49 2105
92 23 105.05 2106
34 27 34.89 2107
52 96 0.99 2107
78 88 12.95 2108
73 70 11.5 2109
73 50 10.99 2109
70 89 0.82 2110
86 23 68.26 2110
50 23 267.92 2110
89 72 28.19 2110
39 82 46.17 2110
63 48 22.76 2111
91 38 9.98 2111
34 97 10.99 2112
94 81 5.37 2112
96 36 2.31 2113
30 63 468.8 2113
78 75 6.18 2114
33 82 19.3 2114
88 87 8.99 2116
70 87 101.08 2116
91 45 28.8 2119
91 23 16.71 2119
48 77 5.35 2120
79 74 101.9 2120
15 97 2.68 2121
81 64 10.0 2122
61 86 75.1 2123
91 35 383.6 2124
75 41 20.85 2125
95 75 10.0 2126
86 90 10.0 2127
36 35 1.98 2127
14 61 14.07 2128
69 14 0.3 2130
38 98 75.83 2131
63 80 87.5 2133
38 33 16.99 2133
50 39 922.02 2133
11 97 1.0 2135
76 87 16.99 2136
39 55 9.99 2137
11 30 29.99 2138
91 56 7.53 2138
77 61 2.28 2138
94 39 13.58 2139
11 91 4.39 2140
96 63 360.0 2141
61 78 32.0 2141
86 72 69.0 2142
37 33 23.5 2142
97 75 9.5 2142
82 99 13.53 2142
54 49 35.0 2143
14 48 238.0 2143
45 33 14.34 2143
98 72 51.53 2143
76 55 1.0 2143
73 12 214.99 2144
11 62 1.78 2144
99 38 76.69 2145
61 71 1.0 2145
72 89 9.99 2146
54 94 6.95 2146
36 90 19.95 2149
74 73 1.0 2152
89 55 23.07 2152
56 75 1.17 2152
34 92 26.0 2153
96 83 45.0 2154
74 81 20.95 2154
30 49 15.0 2155
49 55 114.22 2155
49 69 1.0 2156
35 78 20.0 2156
78 91 177.83 2159
91 50 1.0 2160
48 45 9.99 2160
34 30 9.99 2160
76 80 82.86 2160
97 48 23.35 2161
34 87 17.99 2161
73 63 9.2 2161
38 27 4.49 2163
70 15 1.0 2163
97 67 11.8 2164
92 64 24.94 2165
89 76 1.79 2166
48 88 94.65 2169
81 91 900.16 2170
39 86 75.0 2171
83 37 150.0 2172
81 55 0.81 2172
74 79 1.29 2173
38 78 11.29 2174
63 50 23.39 2175
23 81 2.69 2177
87 23 8.94 2177
45 93 1.0 2177
73 69 18.37 2178
64 87 8.93 2178
56 80 41.85 2178
83 73 495.08 2178
86 91 25.0 2180
41 93 3454.92 2182
73 95 157.0 2183
50 76 1.0 2184
61 79 40.2 2184
45 55 1.0 2184
67 73 45.6 2185
88 81 199.0 2185
89 15 1.0 2186
98 92 70.0 2187
12 95 7.44 2187
93 98 4.8 2189
80 69 15.0 2189
81 59 0.78 2189
36 88 278.66 2189
74 48 408.41 2190
61 88 1.0 2192
76 41 114.7 2193
76 56 42.9 2193
52 93 7.49 2196
49 93 10.02 2197
45 73 27.0 2198
41 63 150.0 2201
86 59 75.13 2201
63 35 199.97 2202
93 99 65.5 2202
15 72 640.0 2205
49 62 7.99 2205
33 52 40.33 2205
41 81 33.5 2205
69 97 49.9 2205
82 97 59.8 2207
56 73 9.99 2208
64 76 240.79 2208
73 98 398.0 2209
30 12 22.98 2210
12 62 10.62 2211
81 39 40.01 2214
74 56 23.87 2214
38 95 0.77 2214
55 37 52.7 2216
48 50 1.0 2217
69 99 39.35 2217
30 67 20.4 2217
86 62 14.01 2218
55 95 52.9 2218
91 99 30.62 2218
63 23 3.78 2219
83 89 4.49 2220
23 80 23.5 2220
59 78 18.99 2220
69 90 3.45 2221
77 74 39.99 2221
74 63 1.0 2222
23 94 57.2 2222
73 71 1.29 2223
23 38 31.5 2223
11 93 60.0 2224
95 93 11.27 2227
35 56 40.0 2228
12 38 1.29 2229
36 74 41.59 2230
50 33 100.0 2235
59 33 19.8 2237
55 11 45.68 2237
45 92 14.95 2237
99 74 0.45 2238
75 30 226.26 2239
95 81 158.0 2240
35 83 19.99 2240
72 98 1.98 2240
71 99 16.75 2240
41 97 150.0 2242
15 12 172.0 2242
82 91 7.92 2245
91 37 603.58 2246
69 34 252.98 2248
12 52 3.02 2249
33 64 5.0 2251
36 38 49.99 2253
75 88 10.88 2254
82 71 172.02 2254
33 77 114.0 2256
94 86 9.72 2258
92 63 0.76 2259
64 41 10.78 2260
93 76 55.43 2260
39 45 84.37 2261
38 34 52.85 2261
15 91 82.09 2261
89 59 20.63 2261
41 15 15.95 2261
67 91 6.81 2262
96 80 0.76 2263
62 63 5.32 2264
23 78 30.34 2265
11 50 150.0 2266
75 38 16.96 2270
30 93 9.99 2271
87 50 62.7 2271
55 74 80.99 2272
45 77 29.99 2272
67 39 17.99 2272
77 52 1.69 2273
54 88 9.0 2274
99 15 3.59 2274
48 52 0.76 2275
35 23 11.27 2277
94 37 38.78 2277
97 82 0.79 2279
79 97 61.76 2280
30 67 48.44 2280
67 74 390.0 2281
97 48 13.56 2282
59 73 132.17 2282
64 62 1.98 2283
14 69 0.99 2284
89 99 1.98 2287
62 90 9.99 2290
99 45 0.76 2290
35 12 3.8 2291
86 12 321.78 2292
38 48 15.0 2292
67 92 8.99 2293
14 89 20.99 2294
59 92 20.0 2295
33 82 42.0 2296
49 93 72.5 2296
63 15 2.5 2296
97 72 7.16 2297
90 15 9.99 2299
36 93 9.99 2299
97 59 1.29 2300
64 30 9.99 2301
96 74 51.9 2301
41 15 19.57 2301
56 77 192.1 2303
70 74 48.64 2304
98 49 12.31 2305
41 67 0.79 2306
92 39 37.14 2306
76 37 5.06 2307
90 36 24.99 2307
92 88 17.82 2309
99 95 1.78 2309
87 90 2.69 2311
56 97 34.5 2312
74 15 25.45 2312
69 90 88.0 2313
36 70 2.69 2314
30 92 84.0 2314
69 70 13.65 2315
97 15 5.49 2315
36 92 45.6 2315
79 50 21.97 2316
75 12 155.0 2316
36 62 1.79 2317
11 81 4.9 2318
63 27 5.92 2319
27 23 138.0 2319
38 30 11.27 2320
89 74 0.89 2320
71 67 9.99 2320
52 72 169.95 2323
72 88 42.81 2324
79 78 11.5 2325
91 36 76.0 2327
99 87 1.0 2327
88 86 16.43 2327
99 82 1.51 2328
83 64 28.4 2328
74 96 1.4 2328
30 12 626.47 2328
86 97 210.1 2331
45 96 253.62 2337
12 55 18.27 2337
45 15 0.89 2338
79 88 50.5 2338
77 99 9.03 2338
48 50 1.44 2341
77 15 84.0 2341
12 56 38.23 2342
61 67 47.19 2343
11 37 19.95 2344
36 81 59.89 2344
96 49 1.18 2344
86 23 152.13 2345
89 50 35.46 2350
88 48 1.29 2350
77 92 50.0 2351
80 52 1.5 2351
72 64 128.9 2353
14 92 38.97 2354
69 49 86.76 2354
49 73 25.78 2354
98 82 9.03 2355
93 33 194.81 2359
98 91 45.7 2359
48 79 0.89 2361
23 59 209.66 2362
35 73 297.74 2362
78 56 285.58 2363
87 33 39.0 2364
74 61 12.0 2364
72 77 57.65 2365
71 49 0.89 2365
92 64 19.99 2368
97 36 8.98 2368
36 11 16.16 2370
11 69 1.0 2370
45 98 15.0 2371
59 89 10.0 2374
93 59 0.89 2377
88 12 23.14 2380
63 98 45.32 2381
77 64 38.9 2381
30 63 77.5 2382
89 11 2.69 2383
41 89 844.98 2384
97 83 18.4 2384
87 89 2.37 2385
69 95 19.95 2386
69 14 8.99 2386
56 69 40.17 2388
92 30 240.0 2389
82 73 1.0 2389
63 83 9.99 2389
98 76 378.0 2389
76 89 77.4 2390
71 81 59.7 2392
33 38 383.05 2392
61 95 45.0 2396
39 87 1.79 2397
61 95 1.5 2397
64 81 24.9 2397
50 23 86.9 2398
86 74 1.0 2399
74 37 0.76 2399
93 91 2.69 2400
74 91 1.79 2400
76 72 0.95 2403
82 39 135.99 2405
79 56 12.0 2405
92 61 15.0 2406
89 81 9.8 2407
37 75 26.31 2407
79 56 21.68 2409
95 55 116.0 2410
71 49 1.51 2413
55 27 6.17 2414
59 71 71.88 2415
74 63 100.0 2415
78 15 10.0 2416
14 15 5.99 2417
36 77 41.42 2418
59 63 44.99 2418
12 34 271.18 2420
38 45 51.9 2421
94 50 23.06 2421
96 54 2.08 2421
88 91 153.0 2424
37 41 277.5 2425
35 69 4.48 2429
73 41 67.42 2429
33 11 1.6 2430
79 62 1.0 2430
11 59 2.69 2430
56 67 213.68 2431
74 94 3465.66 2432
14 27 76.49 2432
41 71 807.48 2432
91 99 98.0 2433
92 87 2.69 2433
69 73 10.0 2435
50 92 111.0 2436
48 99 62.98 2436
83 92 30.76 2439
95 99 0.46 2439
33 34 2.18 2439
98 74 58.13 2439
33 11 19.42 2442
70 56 65.85 2442
73 52 6.99 2444
33 67 202.16 2445
93 86 69.0 2448
11 75 20.46 2450
45 73 0.01 2451
81 48 19.95 2452
37 76 21.28 2452
87 89 165.0 2452
64 71 1.46 2454
62 54 15.98 2454
63 52 12.16 2455
97 59 5.0 2456
27 37 38.49 2458
79 90 1.98 2458
74 55 212.44 2459
62 61 55.07 2462
37 76 140.08 2463
63 30 135.91 2463
81 30 12.99 2465
76 62 9.99 2465
52 97 93.6 2466
83 30 8.14 2466
61 72 10.43 2467
33 98 1040.0 2467
75 97 1.98 2468
36 48 325.62 2471
95 34 128.0 2472
52 67 249.55 2474
74 12 14.2 2474
99 95 7.57 2477
74 62 46.1 2478
27 81 25.42 2479
70 62 378.0 2480
74 93 64.95 2481
14 27 2.93 2482
50 37 59.95 2484
92 76 9.99 2486
35 89 12.56 2486
61 50 6.17 2487
91 89 1.5 2487
54 37 935.95 2487
90 83 97.75 2488
49 98 6.3 2488
14 62 50.0 2488
83 73 65.0 2490
90 80 575.41 2490
63 98 0.89 2490
95 83 101.98 2492
93 91 0.77 2492
87 79 1.46 2492
71 89 24.48 2493
69 87 1.79 2493
83 94 25.0 2493
72 74 4.46 2496
38 48 25.0 2500
93 27 7.57 2501
69 45 24.0 2502
89 70 0.76 2503
14 99 9.99 2503
33 81 74.99 2504
79 36 288.15 2504
70 82 15.18 2504
15 67 29.99 2505
45 54 237.55 2507
95 52 25.44 2508
88 82 8.99 2508
15 55 19.94 2510
80 48 3.99 2513
35 34 1.0 2513
61 23 126.61 2514
97 70 75.1 2515
67 27 203.0 2516
93 96 0.89 2517
75 59 6.91 2518
15 97 57.99 2519
50 76 93.27 2519
38 48 24.99 2524
70 78 1.98 2524
99 64 15.0 2524
50 79 1.29 2525
96 23 1.98 2526
96 77 24.74 2527
75 81 123.9 2528
72 76 9.74 2530
79 69 28.75 2532
70 86 131.18 2532
23 38 9.99 2533
27 37 41.88 2540
82 74 1.39 2544
70 82 15.95 2545
72 70 1.98 2548
81 99 28.14 2548
70 77 3.69 2549
64 75 835.0 2550
35 72 15.2 2551
70 72 352.34 2554
37 82 29.54 2554
99 61 0.89 2555
89 61 18.0 2555
78 75 3.99 2557
15 83 10.0 2558
69 72 129.0 2558
45 86 6.38 2558
55 38 2.28 2559
91 76 1.29 2560
59 96 12.95 2564
50 79 41.59 2565
33 97 15.99 2567
23 74 11.27 2568
37 23 79.0 2568
80 39 358.88 2570
77 74 898.54 2570
36 90 100.5 2571
72 89 33.0 2571
37 80 99.0 2572
54 75 41.5 2572
50 96 3.91 2573
56 27 579.88 2577
67 86 438.0 2578
99 95 50.97 2580
93 72 8.0 2581
82 48 48.0 2581
62 14 13.53 2582
50 83 137.86 2582
39 89 1271.0 2583
63 98 1.29 2583
49 39 9.99 2585
69 91 1.98 2586
49 39 22.0 2589
12 75 0.89 2591
11 15 9.0 2592
39 71 7.7 2594
77 41 268.0 2596
72 48 33.0 2596
33 77 156.4 2597
95 73 0.76 2597
45 49 1.0 2597
91 93 19.02 2598
62 86 98.99 2600
37 64 65.0 2601
98 78 66.3 2601
98 55 245.59 2603
56 80 37.42 2603
73 54 110.12 2604
77 14 12.58 2605
50 38 0.12 2607
71 35 19.99 2607
59 98 6.98 2609
38 50 200.0 2611
23 35 21.1 2611
63 91 77.9 2613
92 12 18.5 2613
87 97 1.54 2615
63 35 40.08 2615
35 86 122.73 2616
88 92 118.28 2617
75 76 48.35 2618
48 39 0.95 2618
54 45 88.2 2619
74 38 1.0 2619
67 92 19.95 2619
91 82 193.0 2619
54 56 0.89 2620
56 27 1.98 2620
88 30 3774.7 2620
61 90 198.0 2621
27 63 242.42 2622
11 92 8.9 2622
71 49 2.68 2622
70 63 38.85 2623
38 69 6.99 2623
39 88 1.0 2623
93 11 1.0 2623
90 59 11.27 2624
63 72 26.47 2625
49 76 1.98 2625
64 33 45.0 2627
94 99 93.3 2627
83 30 262.9 2627
62 54 15.0 2627
76 71 3.84 2629
59 34 0.99 2631
52 73 7.9 2631
35 37 3.85 2632
95 98 8.0 2633
76 71 14.0 2635
80 72 75.84 2636
75 52 15.0 2637
73 38 225.92 2637
96 41 10.0 2639
93 92 390.0 2639
79 62 1.98 2639
95 64 21.93 2639
89 45 299.96 2640
30 96 1.78 2642
35 97 36.0 2642
74 78 6.48 2643
69 41 8.9 2644
96 69 12.49 2645
87 45 16.31 2648
95 72 15.0 2649
61 98 59.96 2650
50 76 60.0 2651
61 81 13.43 2651
50 90 23.03 2656
86 64 18.5 2657
61 59 1.0 2657
96 37 89.54 2657
34 90 9.51 2657
96 55 1.0 2658
99 36 11.5 2658
61 33 9.21 2658
33 63 7.7 2660
87 69 4.87 2661
73 90 60.5 2662
59 74 1.0 2663
93 88 1.0 2663
79 69 80.05 2664
94 45 49.83 2665
27 91 1.6 2666
52 92 29.9 2666
92 91 12.27 2667
62 23 46.5 2667
64 94 112.17 2667
98 91 36.0 2667
55 71 156.9 2670
80 12 30.51 2670
54 88 50.6 2672
92 50 180.0 2673
34 83 2.58 2673
35 72 14.4 2674
96 81 1.0 2676
92 38 25.0 2679
81 70 24.97 2679
72 91 0.99 2680
82 64 0.75 2680
86 75 9.85 2681
48 41 13.0 2682
27 79 50.0 2682
30 23 179.84 2686
35 55 29.87 2688
33 50 14.0 2689
73 64 75.87 2692
93 70 5.29 2693
87 73 54.99 2694
39 61 100.0 2695
62 38 75.94 2696
73 39 155.4 2696
38 50 10.99 2696
55 37 966.27 2697
38 39 215.56 2697
50 49 261.63 2698
33 14 49.49 2698
95 87 76.65 2700
87 39 0.89 2700
27 94 14.78 2701
86 98 1.98 2702
83 92 1.0 2704
64 80 28.0 2705
39 76 40.0 2706
75 38 5.72 2709
79 91 1.0 2709
99 83 38.73 2709
15 69 77.59 2709
91 55 65.26 2710
15 90 233.0 2715
72 81 19.99 2716
38 15 30.0 2716
23 70 3.57 2716
33 93 26.62 2718
64 11 342.81 2719
94 99 1.0 2720
11 94 500.0 2721
49 14 55.6 2722
76 61 46.09 2722
11 59 4.0 2724
95 38 126.0 2724
92 11 0.89 2728
37 71 200.0 2729
64 83 1.0 2729
49 36 127.5 2729
35 77 26.99 2729
86 33 8.4 2730
37 30 54.99 2732
74 55 228.0 2734
62 73 1.29 2735
96 48 1641.0 2735
56 72 50.0 2736
88 71 11.1 2738
48 37 15.95 2740
90 79 65.22 2740
78 73 20.0 2741
39 97 4.99 2742
49 36 17.87 2743
50 99 95.75 2745
82 93 0.76 2745
62 38 720.96 2745
95 87 26.25 2749
92 99 7.06 2750
30 77 119.86 2751
96 54 7.7 2755
54 81 11.85 2756
71 48 138.69 2758
79 99 1.0 2758
75 92 1.0 2759
75 69 0.69 2760
70 93 3.87 2761
73 71 37.83 2762
36 90 1.0 2762
34 12 58.95 2763
39 90 35.78 2763
49 14 172.67 2763
50 93 130.33 2763
36 87 26.0 2763
77 14 31.28 2766
73 93 1.0 2766
38 11 0.89 2766
52 55 10.62 2767
52 97 26.68 2768
61 86 196.13 2769
87 90 13.99 2770
49 27 27.38 2771
62 89 1.0 2771
97 33 14.16 2771
41 12 46.24 2772
41 97 141.9 2774
45 88 69.0 2774
94 74 26.64 2775
95 54 7.58 2775
83 27 225.44 2779
27 75 0.89 2779
38 36 36.94 2779
96 82 5.39 2779
55 14 19.66 2784
91 71 40.89 2785
98 95 2.49 2785
80 89 120.0 2787
63 52 21.0 2788
97 54 15.95 2789
62 99 71.99 2791
83 86 59.99 2793
27 54 62.92 2794
49 39 1.0 2794
50 11 36.4 2801
59 61 12.95 2801
83 30 24.9 2801
69 89 37.45 2801
36 70 0.89 2801
74 73 22.49 2801
54 15 5.49 2806
52 98 180.0 2806
78 64 15.0 2806
73 64 35.15 2808
71 45 59.99 2808
39 75 0.76 2809
70 61 4.95 2809
90 52 10.0 2810
36 73 296.66 2811
11 87 11.5 2813
50 56 1.0 2814
23 27 10.0 2817
49 88 54.22 2820
88 34 23.5 2821
12 35 12.31 2822
98 91 0.89 2823
38 35 19.95 2826
95 55 4.49 2826
95 99 14.99 2826
77 74 6.06 2827
90 89 47.85 2827
82 95 20.0 2828
27 99 1744.08 2832
55 95 1.29 2834
87 56 37.0 2834
62 34 69.0 2834
48 14 20.0 2834
56 39 250.0 2835
75 38 650.0 2836
73 91 199.0 2837
49 94 1.99 2838
54 80 6.35 2839
50 38 17.5 2839
86 70 45.0 2840
93 75 12.98 2840
35 41 39.0 2840
59 98 115.88 2842
99 33 8.07 2843
73 54 12.31 2843
93 99 86.43 2843
27 89 3.57 2844
79 11 350.0 2844
49 64 192.4 2844
79 71 4.99 2845
94 45 1.0 2847
76 54 15.0 2847
88 76 9.99 2847
97 88 8.49 2850
81 27 16.6 2850
50 91 7.5 2851
89 12 20.0 2851
54 14 25.0 2852
15 30 55.49 2855
14 74 15.95 2856
75 27 11.5 2857
52 81 402.44 2858
23 67 5.99 2858
35 36 26.51 2858
99 52 69.87 2859
89 94 50.0 2859
98 62 0.89 2860
71 73 26.45 2861
88 59 23.57 2863
38 69 1.0 2865
54 64 49.49 2865
11 71 10.0 2866
27 52 55.74 2866
49 38 14.39 2868
72 39 1.5 2870
54 41 0.89 2870
14 35 267.62 2870
27 54 1.98 2871
81 14 0.76 2871
30 73 35.95 2873
50 98 1.98 2873
11 30 4.0 2874
39 72 0.99 2876
76 95 149.0 2876
37 38 199.17 2877
81 99 27.21 2877
82 90 9.99 2878
52 83 32.0 2880
92 71 21.9 2880
54 74 1472.0 2881
95 59 1.0 2881
12 54 8.9 2881
86 52 20.13 2881
96 92 8.99 2882
73 76 75.08 2882
91 76 45.0 2887
34 75 0.76 2887
88 34 2.0 2888
90 70 50.61 2890
39 49 45.72 2891
11 97 27.9 2893
62 81 7.88 2895
74 33 664.62 2898
30 73 111.0 2898
61 82 5.41 2900
11 56 211.85 2901
59 52 75.08 2904
77 41 20.0 2904
15 80 1.98 2906
97 76 7.7 2907
90 92 13.9 2909
33 70 0.94 2914
12 74 29.95 2915
56 38 122.2 2915
62 41 2.12 2915
37 79 0.69 2917
86 30 40.0 2917
86 61 39.22 2918
81 99 5.15 2920
37 75 7.5 2921
30 75 69.99 2924
75 99 20.45 2926
49 76 3.79 2926
15 41 510.0 2927
45 64 118.0 2928
27 33 113.75 2928
72 94 68.82 2929
64 52 198.0 2930
50 73 3.78 2932
99 54 49.95 2933
11 62 27.0 2934
88 97 35.42 2935
33 98 82.26 2936
63 14 47.0 2938
45 99 1.29 2938
94 90 5.94 2939
77 52 49.46 2939
75 96 50.0 2939
91 98 4.99 2940
33 59 29.56 2943
78 48 1.98 2943
94 77 34.99 2943
78 82 9.95 2944
52 80 15.95 2944
23 93 510.15 2944
23 98 0.74 2945
54 91 89.0 2949
33 75 37.63 2950
37 86 8.99 2950
96 78 17.1 2950
14 81 47.64 2951
62 69 3.85 2952
69 83 40.1 2953
23 99 1.0 2953
14 86 54.9 2953
27 74 1.29 2954
92 70 11.5 2954
11 70 293.44 2954
30 79 437.0 2954
74 75 3.55 2954
76 70 114.25 2956
75 45 114.4 2956
88 15 5.54 2957
78 14 201.0 2958
78 97 72.0 2959
49 99 35.0 2960
77 64 40.0 2960
97 15 28.91 2960
92 99 32.97 2961
52 69 174.96 2963
88 70 67.82 2965
97 76 146.0 2967
27 54 4.99 2967
34 61 20.0 2967
35 77 86.59 2969
74 38 0.77 2970
75 59 135.65 2971
50 63 455.12 2972
81 95 21.5 2973
27 96 166.75 2973
94 69 23.0 2973
38 72 158.0 2974
92 89 23.95 2974
23 55 18.04 2975
37 80 8.99 2976
91 74 106.09 2978
63 48 342.04 2978
41 30 27.59 2979
69 77 30.0 2980
48 54 25.48 2980
55 77 9.99 2983
71 35 25.0 2983
93 96 10.0 2984
74 92 9.62 2984
82 49 50.23 2984
67 99 8.0 2986
50 63 1.0 2988
88 36 154.0 2990
95 11 660.4 2992
52 61 282.92 2993
38 79 1.0 2996
34 37 189.0 2996
69 11 7.18 2997
54 74 15.94 2998
89 67 11.0 2999
76 83 5.74 2999
67 48 1.29 3001
97 33 0.89 3003
55 64 104.8 3004
67 98 12.95 3004
79 94 8.92 3005
56 64 35.22 3006
56 82 152.94 3007
87 59 69.0 3010
49 77 53.37 3010
35 34 69.0 3010
73 91 637.12 3013
35 95 29.59 3015
77 94 54.18 3015
52 64 662.4 3016
90 86 4.49 3017
82 45 7.99 3017
73 36 182.13 3017
70 55 9.99 3018
48 80 49.99 3019
59 54 43.0 3022
90 37 41.75 3023
56 45 12.95 3024
95 90 15.0 3024
37 11 1.0 3025
97 36 38.0 3027
77 38 250.58 3028
55 99 86.6 3029
34 41 9.1 3030
95 77 107.08 3030
54 96 9.99 3031
74 79 30.06 3033
98 71 9.85 3033
76 90 3.57 3033
56 54 40.0 3033
69 34 12.0 3034
79 87 9.2 3035
88 48 9.94 3036
64 81 16.24 3036
35 36 81.12 3038
79 99 5.99 3038
77 69 9.0 3038
11 33 7.0 3039
81 80 109.8 3042
48 37 467.73 3042
82 35 9.91 3044
63 81 86.15 3044
98 95 69.0 3046
41 30 11.41 3046
82 80 56.93 3047
79 59 51.57 3048
59 92 2.93 3048
36 67 0.99 3048
91 69 1.5 3049
69 87 9.49 3049
83 98 35.72 3051
11 38 2.38 3052
37 79 532.95 3052
77 80 49.99 3053
54 64 4.99 3053
59 67 32.99 3054
33 64 0.89 3055
93 81 21.98 3055
56 89 11.27 3055
55 78 1.98 3057
92 36 19.0 3058
63 11 160.0 3059
33 49 99.0 3060
97 71 1.29 3063
76 93 1.0 3065
78 69 21.95 3067
52 83 349.7 3069
72 73 6.96 3070
73 49 99.0 3070
64 27 36.5 3070
45 91 33.98 3070
55 90 216.0 3071
48 99 367.38 3071
74 91 60.0 3072
67 95 1549.56 3076
55 59 2.69 3080
82 83 19.6 3081
81 92 25.35 3081
37 98 59.93 3082
61 27 1.79 3083
30 37 123.75 3084
35 11 1.0 3084
91 23 19.95 3086
37 93 19.72 3090
72 94 3.92 3091
81 98 11.5 3091
89 35 5.78 3093
88 80 9.99 3093
62 90 25.89 3093
72 95 39.0 3094
61 23 500.0 3095
92 91 9.99 3101
87 59 0.77 3103
70 56 3.87 3105
73 39 54.99 3105
63 77 50.31 3105
14 99 8.99 3106
86 35 7.56 3106
23 56 750.0 3110
71 93 5.37 3111
89 63 37.3 3112
30 61 1.98 3112
14 34 10.99 3113
78 82 0.89 3113
75 94 0.89 3115
93 76 655.23 3115
98 48 5.0 3118
92 56 482.54 3118
73 94 9.12 3119
95 78 222.3 3120
69 33 1.0 3121
93 69 20.89 3121
81 49 7.46 3121
35 91 29.02 3121
69 97 175.0 3121
93 49 2.58 3123
14 69 134.74 3123
91 67 42.02 3124
14 78 12.99 3124
52 76 136.01 3127
74 55 300.0 3127
23 89 71.79 3130
91 67 25.0 3132
99 50 110.5 3133
75 54 4.34 3133
93 96 19.99 3136
71 63 59.97 3137
48 92 0.89 3137
50 92 12.99 3139
90 76 191.28 3140
34 72 3.9 3140
35 89 150.0 3140
64 77 10.65 3141
67 90 81.95 3141
23 93 4.99 3142
37 78 54.99 3143
91 93 51.69 3143
97 63 13.99 3143
52 48 11.5 3143
11 74 1.98 3144
72 67 1.0 3145
89 54 94.38 3145
75 87 30.0 3146
91 50 112.44 3148
63 90 152.07 3148
77 38 5.99 3150
14 50 0.77 3150
99 33 84.0 3150
96 34 11.72 3151
77 12 0.05 3154
80 56 1.0 3157
37 98 5.71 3157
15 75 420.0 3158
89 62 66.28 3161
55 73 254.73 3161
73 49 72.3 3162
12 72 1.79 3162
41 82 50.0 3170
93 48 5.9 3170
80 77 200.24 3171
73 63 2.9 3172
39 48 61.0 3175
12 87 38.96 3175
12 27 84.0 3176
82 75 39.95 3176
50 37 7.57 3176
80 49 7.31 3178
50 90 96.55 3179
74 87 22.6 3180
34 55 250.0 3181
15 62 1018.43 3182
41 12 12.98 3183
27 94 1.0 3184
36 63 31.37 3184
15 34 160.59 3185
98 37 1.5 3188
52 92 51.34 3189
77 89 14.99 3191
89 50 5.99 3192
89 55 80.0 3192
27 15 44.81 3194
98 23 39.99 3194
97 96 15.0 3195
63 76 32.76 3195
80 30 107.9 3196
83 71 13.0 3198
82 80 115.34 3198
99 61 246.46 3199
73 71 85.25 3202
14 34 11.4 3204
74 11 125.0 3204
97 34 4.99 3205
93 37 49.95 3205
38 95 144.0 3206
55 59 0.76 3206
74 96 34.5 3207
56 91 95.8 3207
88 52 1127.78 3207
79 61 238.25 3209
45 12 442.34 3210
64 79 7.49 3211
30 56 127.27 3211
41 30 22.97 3211
89 88 966.91 3211
50 61 63.23 3212
95 70 1.0 3213
12 49 2607.5 3216
64 89 1.79 3216
35 14 15.8 3217
55 96 1.0 3217
73 94 1.0 3222
87 90 1.5 3222
33 74 25.0 3223
23 38 0.79 3223
93 45 0.76 3224
30 71 67.98 3226
96 72 60.0 3226
94 82 19.0 3227
73 56 42.97 3227
83 78 9.9 3228
71 75 24.26 3230
87 83 3.81 3231
52 30 7.18 3232
83 41 154.99 3233
95 77 41.18 3235
75 97 0.89 3235
49 36 40.0 3235
15 82 8.99 3238
39 91 15.13 3238
50 78 337.45 3239
94 62 19.0 3241
63 14 222.0 3241
79 55 42.0 3241
56 15 12.49 3241
48 52 18.95 3241
59 63 78.94 3243
82 12 4.99 3243
78 61 45.0 3246
79 59 877.57 3246
91 78 158.0 3247
72 71 237.77 3247
82 11 163.73 3247
41 23 30.43 3248
55 27 10.01 3249
56 50 19.95 3249
80 88 67.23 3251
98 70 3.69 3253
87 99 11.99 3254
69 75 5.89 3254
96 64 67.35 3257
81 67 10.0 3260
52 76 13.49 3260
64 95 69.55 3260
97 33 0.01 3261
48 59 129.0 3262
55 79 2.09 3262
37 76 7.58 3265
30 91 24.0 3266
45 48 135.0 3267
89 55 1.0 3270
39 62 1.0 3270
74 73 670.0 3270
72 75 99.99 3270
98 38 41.76 3271
52 79 803.38 3271
35 76 13.31 3271
90 89 120.0 3272
78 15 83.23 3273
73 78 3.94 3273
54 87 0.89 3273
96 81 21.4 3274
23 91 19.66 3274
98 74 0.89 3274
87 95 135.2 3275
77 41 340.24 3275
79 92 64.95 3276
52 76 30.39 3277
80 89 20.0 3278
69 49 40.0 3279
49 62 1.79 3279
83 35 1.9 3280
98 74 10.7 3281
77 95 28.23 3281
33 75 156.0 3281
90 33 19.95 3283
61 14 40.0 3284
64 27 104.95 3285
90 41 58.0 3286
55 27 40.99 3287
39 69 434.49 3289
59 48 1.53 3290
48 94 0.89 3292
73 27 33.2 3294
27 50 25.0 3295
12 63 59.0 3295
67 97 15.0 3297
48 69 40.95 3300
76 48 11.98 3303
67 50 68.25 3304
99 64 813.45 3306
48 23 5.3 3306
69 86 1918.47 3307
61 48 1217.56 3307
73 95 6.0 3309
15 33 1932.8 3311
82 59 2.24 3312
64 73 10.59 3314
39 77 1.98 3316
72 34 6.63 3317
73 97 10.62 3317
78 30 20.0 3320
11 71 38.5 3320
38 76 500.0 3321
11 39 1.98 3321
48 69 28.75 3321
86 69 9.99 3322
86 80 0.76 3324
12 37 10.0 3327
23 38 835.0 3327
61 50 1.29 3327
99 39 19.0 3329
94 36 3.99 3330
36 78 126.34 3331
98 73 109.0 3331
38 76 188.0 3331
97 59 8.92 3332
54 67 2.17 3332
88 59 285.7 3332
39 34 25.3 3333
91 41 29.9 3333
97 94 120.0 3334
80 96 54.0 3335
64 87 19.6 3336
96 86 12.32 3336
30 74 56.47 3337
77 11 4.56 3337
55 86 1.69 3340
73 71 1.79 3340
80 54 12.45 3341
70 63 73.55 3342
73 67 22.7 3345
99 34 1.0 3345
61 78 8.93 3346
74 35 8.99 3348
52 64 183.29 3348
59 45 7.05 3349
59 76 243.26 3349
74 96 396.0 3349
63 50 12.31 3350
54 59 64.95 3351
63 61 1.66 3355
78 14 12.31 3356
88 74 2.67 3358
79 34 129.0 3358
94 90 55.0 3359
87 69 2.12 3359
73 76 132.47 3360
77 73 1.0 3361
39 71 12.92 3361
49 88 20.0 3361
63 12 79.99 3363
36 50 1.0 3363
12 14 9.99 3364
93 41 6.99 3365
48 97 43.99 3368
35 69 1.79 3369
88 78 669.17 3371
94 93 291.2 3371
99 93 12.63 3374
93 55 172.59 3374
90 38 0.01 3375
11 30 27.0 3378
75 34 0.89 3378
74 56 297.9 3378
64 12 0.99 3379
37 67 1.79 3379
52 33 38.94 3380
59 62 3.75 3381
95 45 1050.6 3382
74 92 38.52 3382
99 77 3.6 3383
27 95 131.9 3383
89 48 9.26 3384
11 35 5.95 3384
67 74 100.0 3384
92 64 362.04 3385
90 23 30.06 3385
56 74 64.44 3386
74 91 27.83 3386
78 50 183.9 3387
73 38 268.99 3388
95 48 27.98 3388
27 11 946.05 3390
96 55 23.98 3390
36 96 45.5 3391
33 61 320.88 3391
87 30 48.0 3391
41 89 7.51 3392
91 12 250.0 3393
34 75 11.99 3394
30 55 16.91 3394
33 74 79.0 3395
38 52 7.7 3397
94 34 49.25 3398
74 62 24.16 3398
96 36 14.0 3400
67 37 68.1 3401
15 30 0.77 3402
14 62 29.5 3402
50 41 1.99 3403
11 61 348.83 3405
77 67 2.9 3406
36 75 29.94 3408
73 23 214.0 3408
36 54 1.78 3411
63 76 29.95 3416
67 27 1.0 3417
72 12 11.0 3417
49 37 10.0 3420
48 55 49.99 3422
89 97 6.99 3423
52 83 46.87 3424
36 35 24.99 3425
49 37 9.19 3426
82 11 5.59 3428
38 30 880.18 3429
49 92 75.0 3429
36 64 1.98 3429
75 52 27.75 3430
59 76 88.33 3431
11 82 165.1 3433
41 93 500.0 3435
88 98 1.0 3437
92 59 4.22 3437
27 71 37.16 3438
15 88 4.55 3438
82 91 1.29 3441
63 41 9.03 3441
74 38 138.38 3447
94 35 278.51 3448
38 93 1.0 3448
11 94 118.0 3448
89 77 0.76 3448
11 77 978.0 3449
56 15 38.0 3449
34 41 4.48 3449
88 39 30.0 3450
30 74 1.29 3451
54 97 12.99 3451
37 99 187.87 3453
63 99 12.99 3456
92 88 9.8 3457
27 77 1.0 3458
83 99 9.99 3460
49 64 55.84 3462
86 73 89.99 3467
76 34 2.2 3468
98 49 80.49 3469
55 92 25.0 3470
96 72 143.2 3470
23 93 137.9 3471
14 48 80.97 3471
52 54 7.08 3472
52 93 35.8 3473
97 59 12.99 3474
78 33 7.99 3476
70 11 29.9 3476
37 50 104.56 3478
74 45 4.62 3478
82 80 3.76 3479
92 77 0.12 3479
96 83 1.0 3481
63 33 1.79 3481
15 45 80.0 3487
74 55 18.9 3487
14 72 7.9 3489
89 77 8.43 3489
72 54 0.89 3489
82 30 60.95 3490
49 93 0.89 3490
33 35 70.65 3491
15 79 40.0 3494
81 88 2.29 3494
97 35 35.38 3495
77 38 89.99 3496
90 27 5.42 3496
81 95 0.89 3497
70 72 75.28 3497
41 81 568.0 3499
93 67 10.29 3500
54 48 22.53 3501
61 94 0.76 3502
27 82 4.49 3503
76 77 7.7 3503
52 81 17.0 3504
88 63 3.63 3504
75 78 92.05 3504
12 38 10.99 3506
80 88 15.99 3506
77 45 50.0 3508
54 90 48.34 3508
87 95 1.61 3509
90 91 471.15 3509
73 99 29.91 3509
73 81 55.56 3510
67 33 321.0 3510
74 41 7.93 3513
38 76 3.07 3514
41 61 109.95 3515
11 64 0.5 3516
56 38 0.99 3517
79 91 77.06 3517
73 11 25.99 3518
91 70 81.26 3518
79 34 1.5 3521
69 72 54.49 3522
49 91 1.98 3522
27 90 60.37 3524
50 36 477.4 3525
50 72 0.76 3527
27 97 135.0 3528
82 95 0.89 3531
37 56 140.13 3531
88 56 122.91 3531
88 45 361.0 3533
98 62 1.0 3533
54 38 39.0 3535
86 76 1.79 3535
78 15 37.0 3536
54 56 1400.0 3538
63 72 426.44 3542
79 74 143.85 3544
41 59 33.88 3544
71 52 83.99 3544
75 50 94.63 3546
49 98 19.95 3546
23 72 202.0 3548
77 45 687.22 3548
11 64 2.11 3549
59 90 150.0 3553
62 74 165.0 3553
62 72 115.5 3554
83 96 390.0 3555
12 71 302.61 3555
86 73 12.4 3557
69 79 14.39 3560
93 14 0.99 3561
77 89 7.69 3563
35 49 0.77 3565
80 52 247.0 3567
48 30 347.19 3568
73 59 491.3 3568
62 59 1208.32 3568
55 71 6.17 3568
45 11 21.2 3569
41 67 259.71 3570
62 36 204.0 3571
49 88 1.22 3572
54 41 17.6 3572
63 94 103.92 3573
90 76 9.99 3573
89 64 161.12 3573
11 92 60.23 3574
67 72 111.2 3575
48 80 137.55 3577
80 41 3.5 3578
99 39 4.58 3579
93 73 0.99 3580
96 61 500.0 3582
78 45 21.1 3583
75 23 247.0 3584
39 36 10.0 3586
78 48 47.97 3587
12 23 4.45 3587
49 82 184.95 3587
89 14 201.42 3587
33 82 86.23 3589
38 74 16.47 3589
94 97 250.0 3591
64 62 20.12 3592
81 71 4.99 3593
83 73 9.0 3593
27 55 100.0 3594
59 76 81.4 3595
56 97 34.74 3597
54 67 15.95 3598
83 12 3.98 3599
56 89 15.0 3599
81 86 125.84 3600
74 50 78.99 3600
39 30 702.84 3602
96 54 47.0 3604
75 62 143.0 3605
59 81 3.7 3606
41 38 349.49 3607
83 48 1.98 3608
83 73 21.5 3611
79 81 84.47 3614
70 91 139.83 3614
12 75 94.08 3616
37 49 42.82 3616
77 71 2.99 3616
37 83 21.99 3618
37 45 1.79 3618
92 35 81.23 3619
50 11 1.0 3619
81 76 1.0 3620
91 95 27.97 3621
95 34 436.44 3621
91 30 25.0 3621
96 80 71.0 3622
56 73 9.99 3622
93 34 4.69 3623
90 39 40.27 3625
56 34 792.0 3626
45 63 0.89 3628
78 79 11.85 3628
90 48 26.99 3628
72 79 33.95 3629
80 82 81.93 3629
76 72 100.0 3631
61 49 5.0 3632
74 97 47.94 3632
67 45 40.12 3633
52 30 1.0 3633
78 75 138.4 3634
80 97 7.43 3636
48 97 576.67 3636
34 14 1.98 3636
72 62 244.68 3637
37 95 34.74 3638
64 50 0.76 3638
56 15 74.5 3640
97 90 19.99 3640
79 87 72.99 3641
67 56 21.24 3641
80 69 32.0 3642
93 83 415.69 3645
59 33 615.0 3645
82 81 6.03 3646
61 81 9.72 3647
90 64 15.0 3650
37 94 14.38 3652
78 86 9.99 3652
83 41 15.0 3653
33 93 0.99 3653
55 91 33.0 3654
79 41 60.53 3654
62 34 8.25 3655
39 36 99.4 3656
96 76 8.98 3657
35 71 62.24 3658
55 62 11.98 3658
63 37 8.92 3658
35 37 64.0 3659
69 75 27.58 3660
45 93 4.95 3662
37 92 177.87 3663
23 54 45.0 3664
92 75 28.5 3666
55 79 100.52 3666
36 75 0.99 3669
97 30 8.05 3670
90 78 68.65 3670
61 90 1.99 3670
35 30 36.0 3673
37 72 18.85 3673
30 59 50.85 3674
93 83 1.0 3674
50 69 622.43 3674
97 59 4.77 3675
73 59 9.99 3677
94 14 1.5 3682
72 90 293.18 3683
90 23 15.98 3684
93 64 2.36 3684
72 48 282.55 3684
14 23 53.9 3685
23 90 8.99 3685
52 96 5.49 3686
90 81 126.51 3687
97 76 6.05 3687
81 83 4.0 3687
23 94 10.78 3687
72 86 23.95 3687
73 39 308.0 3688
95 38 12.33 3688
69 23 62.7 3689
70 52 3.57 3690
36 37 57.45 3690
12 49 28.0 3690
45 79 24.0 3692
82 49 349.7 3693
79 27 15.95 3693
79 93 42.81 3694
86 89 23.59 3694
88 54 443.43 3696
80 50 117.0 3697
78 30 10.74 3697
30 64 4.0 3697
27 71 10.0 3698
73 79 3.83 3701
91 48 155.57 3705
98 11 92.0 3705
80 87 158.0 3705
72 99 4.16 3706
83 71 1.29 3707
93 80 10.7 3708
48 71 377.18 3708
81 23 1.0 3709
50 88 2.69 3709
67 36 1.19 3709
56 73 21.78 3710
62 34 49.99 3712
50 97 471.06 3715
73 90 32.67 3717
56 73 2.58 3717
37 87 4.89 3720
72 82 1825.0 3721
79 59 21.0 3722
98 72 28.78 3722
80 71 77.85 3723
55 94 36.13 3723
70 49 45.29 3723
54 33 39.99 3724
36 89 168.83 3726
89 74 45.0 3726
67 74 20.0 3727
86 72 10.0 3728
12 62 200.0 3728
92 99 165.95 3728
93 89 7.56 3730
81 94 5.38 3732
81 92 1.79 3734
97 49 261.37 3735
45 67 168.0 3736
54 87 126.0 3736
30 81 3.93 3740
69 77 158.0 3740
99 39 297.0 3741
61 91 33.9 3742
69 67 12.99 3743
54 23 1.98 3744
63 69 99.0 3746
77 83 29.0 3748
62 69 1.79 3749
70 93 666.0 3754
59 49 59.5 3755
93 70 38.49 3755
34 67 44.86 3756
30 62 79.93 3757
80 23 22.79 3757
69 11 8.99 3758
67 50 29.99 3761
54 99 12.0 3761
48 89 50.0 3762
79 15 15.99 3762
48 83 1.29 3763
71 56 31.35 3765
72 33 0.9 3767
14 52 2014.0 3768
64 15 12.31 3769
30 89 60.0 3769
80 48 282.53 3770
78 67 11.74 3773
81 63 536.0 3774
33 92 95.59 3774
36 87 42.0 3774
39 72 15.0 3775
15 82 15.16 3777
76 11 3.99 3777
64 67 99.0 3778
41 30 0.89 3778
34 61 586.6 3779
90 15 509.9 3780
59 70 2.0 3780
98 69 86.9 3782
91 15 290.27 3782
33 82 7.95 3783
15 88 3115.67 3784
67 14 39.31 3785
15 86 31.85 3786
35 38 411.99 3786
61 63 125.9 3787
87 37 600.0 3788
35 36 9.95 3789
98 83 14.48 3790
88 99 10.59 3791
56 94 6.99 3792
81 23 80.0 3793
38 54 15.0 3793
59 38 183.8 3795
72 83 132.5 3795
52 48 33.99 3801
97 92 4.99 3802
49 73 311.75 3802
86 78 28.95 3803
71 64 16.99 3803
15 76 0.61 3806
95 88 29.99 3806
33 15 131.93 3810
95 69 23.59 3811
61 78 106.97 3811
12 98 32.29 3811
78 45 154.01 3812
63 88 47.72 3812
59 73 6.29 3812
86 34 1.0 3812
87 63 20.0 3813
45 99 114.0 3813
82 23 49.95 3814
35 39 15.5 3815
59 62 74.26 3817
61 27 60.0 3818
41 97 4.49 3819
80 49 29.9 3820
99 11 43.25 3822
80 86 766.0 3822
67 63 26.76 3823
71 11 64.99 3824
87 90 100.0 3825
75 81 15.34 3826
15 72 2.5 3827
81 92 600.48 3829
45 76 7.61 3830
73 75 10.93 3831
55 75 6.0 3832
34 11 72.92 3833
48 74 0.89 3835
91 92 141.35 3837
56 72 3.69 3839
90 54 44.0 3840
87 49 551.58 3841
82 76 10.0 3842
94 50 172.04 3843
49 34 339.56 3846
83 73 15.12 3847
83 38 59.24 3848
11 92 6.99 3849
91 75 3.59 3851
50 95 45.81 3851
71 96 53.79 3852
87 45 3908.0 3853
80 27 98.2 3856
49 35 1.98 3856
39 11 34.99 3857
98 99 10.0 3857
91 75 6.0 3858
82 15 206.32 3858
64 87 381.12 3858
37 34 19.0 3860
97 82 91.95 3860
93 76 52.0 3861
80 78 99.97 3862
34 39 56.0 3863
34 38 568.47 3863
78 94 61.37 3865
87 69 1.79 3866
97 82 85.85 3867
52 75 9.47 3867
81 89 110.8 3868
52 87 35.0 3869
89 98 104.45 3869
76 14 1.98 3873
95 30 0.77 3873
41 75 11.99 3875
30 91 38.85 3876
50 97 30.9 3877
75 36 1.99 3878
81 63 144.0 3878
96 99 14.39 3879
88 92 55.47 3880
86 33 1.98 3881
91 77 54.46 3883
81 36 17.33 3885
33 91 0.99 3888
78 61 142.2 3888
36 95 75.66 3889
78 77 9.99 3889
70 95 10.0 3889
55 91 24.18 3889
62 75 6.0 3889
97 14 132.56 3890
92 49 2.58 3891
92 55 209.57 3892
93 41 5.11 3893
49 89 10.0 3895
82 72 24.99 3896
38 72 11.7 3896
83 49 1.0 3897
50 35 63.54 3897
70 72 80.05 3899
35 49 1.49 3900
11 93 31.85 3902
27 12 1.29 3903
11 97 75.0 3904
67 79 448.5 3904
80 56 500.0 3906
88 82 25.0 3906
69 98 5.0 3907
82 71 37.88 3908
96 76 15.0 3908
90 70 6.99 3911
75 52 28.02 3912
96 75 42.34 3912
64 45 132.99 3912
70 87 9.72 3912
96 52 24.55 3913
39 82 36.85 3913
74 82 43.66 3913
95 91 1.29 3913
33 35 22.0 3914
34 30 520.3 3914
73 35 1.2 3915
79 27 32.56 3918
49 70 101.57 3919
94 49 4.49 3920
77 59 22.82 3921
86 62 16.99 3921
72 63 35.13 3922
38 98 302.0 3922
78 76 11.02 3923
98 95 29.47 3923
56 82 234.07 3924
33 70 44.9 3926
96 50 153.35 3927
87 90 750.0 3929
78 86 47.0 3932
98 36 4.99 3933
34 39 16.0 3934
97 11 7.3 3937
93 11 9.99 3937
97 63 8.94 3942
94 15 11.35 3942
12 92 1.98 3942
63 52 1.79 3943
75 92 146.06 3943
92 37 2.99 3944
71 92 229.7 3944
90 81 32.25 3945
72 56 1.98 3946
37 89 1.98 3947
79 52 30.93 3950
63 82 19.9 3950
69 87 62.0 3951
82 15 5.95 3951
62 64 8.95 3953
83 77 428.0 3953
35 54 0.99 3955
73 80 0.79 3955
82 96 75.33 3956
63 72 33.59 3956
79 78 2.68 3959
93 36 79.95 3960
98 63 64.95 3962
59 39 58.9 3962
59 76 2.36 3963
39 95 0.76 3963
35 75 16.99 3963
35 37 55.06 3963
37 79 58.71 3963
45 70 30.33 3964
71 23 8.01 3965
73 50 2.3 3965
82 39 113.4 3965
63 96 11.5 3966
11 70 22.89 3970
30 64 155.85 3972
33 99 5.49 3975
35 34 8.54 3976
23 75 8.99 3976
56 12 19.99 3979
86 72 8.99 3979
35 67 29.0 3979
50 97 19.01 3979
93 61 381.0 3982
81 39 9.98 3982
61 36 822.2 3982
50 56 540.0 3983
96 39 89.9 3983
50 52 134.2 3987
50 33 11.5 3988
71 45 30.0 3989
73 56 35.0 3989
30 87 11.59 3990
97 67 40.0 3993
92 70 281.83 3993
55 91 112.2 3994
39 48 142.05 3995
96 34 0.99 3995
50 73 332.82 3996
70 89 90.63 3996
59 73 0.99 3997
92 56 15.0 3998
35 14 1.5 3998
12 67 1.0 4001
45 72 1.0 4002
72 77 229.58 4002
87 49 39.0 4003
30 55 7.99 4003
79 96 39.0 4005
78 55 31.9 4005
78 35 74.04 4006
45 92 36.1 4006
49 83 100.0 4010
33 55 32.87 4011
67 56 28.75 4012
38 61 55.6 4016
77 11 1.0 4016
30 69 15.26 4017
70 72 15.0 4017
14 62 285.34 4017
80 30 55.0 4017
82 61 28.9 4018
15 72 6.99 4020
95 52 46.0 4020
34 56 8.81 4023
74 59 91.0 4023
74 27 351.0 4024
93 36 37.85 4024
59 52 10.94 4026
77 72 163.88 4028
71 67 2.85 4028
34 23 243.09 4028
56 41 17.5 4029
59 89 68.0 4030
27 91 100.98 4031
45 48 8.48 4032
62 50 10.9 4033
70 12 29.81 4034
80 56 35.97 4034
41 35 7.5 4036
23 80 35.99 4038
70 72 19.5 4042
93 23 194.0 4042
15 75 1.0 4043
93 64 8.0 4047
12 99 14.19 4047
54 69 17.0 4050
80 33 52.53 4053
37 62 380.0 4056
14 45 0.76 4056
88 55 0.75 4056
30 76 120.0 4057
49 27 9.98 4058
50 76 49.99 4058
92 87 80.0 4060
33 99 32.6 4062
97 67 101.6 4063
12 94 5.0 4063
77 33 9.99 4065
27 12 51.98 4066
96 54 9.59 4067
80 48 86.29 4068
77 80 16.0 4068
27 76 139.95 4069
72 83 1.0 4069
87 73 7.99 4069
97 76 20.0 4071
81 12 1.98 4071
98 79 9.99 4072
92 35 12.31 4074
33 39 100.0 4076
73 78 8.0 4077
98 36 0.76 4081
91 92 12.0 4082
99 94 1.0 4083
98 50 1538.38 4083
45 71 11.37 4087
73 86 2.0 4088
64 36 11.28 4088
30 78 142.15 4090
69 67 0.77 4090
38 39 114.0 4091
91 61 9.99 4091
91 61 7.7 4092
69 74 134.8 4092
94 38 152.0 4093
41 95 2.5 4093
11 91 91.23 4093
91 55 3.78 4095
59 14 7.57 4096
12 56 86.37 4097
99 55 29.18 4098
81 34 66.71 4099
75 93 7.68 4103
49 97 9.51 4104
98 71 540.95 4104
41 70 19.99 4105
98 80 4.0 4106
92 14 629.88 4106
30 98 25.63 4107
83 80 2.75 4108
79 49 19.95 4109
99 91 52.0 4110
11 56 0.92 4110
99 93 11.71 4110
80 69 1.98 4112
35 97 62.2 4112
34 99 90.45 4113
35 37 98.79 4114
15 83 90.0 4116
92 61 5.31 4116
41 33 1.98 4121
77 52 137.96 4121
39 80 10.8 4122
62 38 891.27 4123
64 50 0.89 4124
56 49 158.0 4126
34 30 343.28 4127
75 96 25.17 4131
83 30 18.25 4131
41 59 33.96 4132
79 33 19.33 4133
61 35 179.0 4134
92 87 20.0 4134
71 86 200.0 4139
49 78 60.0 4143
41 93 7.95 4143
33 52 9.42 4143
74 14 5.36 4145
72 59 162.81 4147
99 90 88.61 4149
70 96 3.59 4150
39 38 156.5 4151
98 23 1184.83 4152
71 70 3.11 4152
71 50 22.76 4153
87 93 21.9 4154
73 83 64.98 4156
35 97 53.4 4156
14 52 161.19 4157
80 56 8.99 4157
27 92 8.99 4158
88 74 31.9 4160
15 50 9.95 4160
64 96 118.0 4160
41 11 17.22 4162
23 12 16.0 4163
94 45 1.98 4165
12 95 1.51 4167
77 88 25.99 4168
93 83 14.78 4169
98 35 2.67 4169
45 75 76.0 4169
91 90 102.0 4172
14 27 0.76 4172
35 96 58.51 4173
45 59 15.0 4173
23 97 2.69 4174
23 56 41.15 4175
74 33 6.55 4175
97 89 0.89 4176
98 54 1000.0 4177
78 75 4.37 4179
69 75 165.84 4179
37 62 3.66 4179
83 64 4.49 4179
98 62 50.0 4181
69 92 7.61 4182
55 87 39.0 4182
76 33 2.44 4182
61 91 138.44 4182
83 27 1.0 4184
59 33 0.76 4185
50 76 437.18 4186
72 49 9.99 4186
54 48 15.95 4188
52 97 50.0 4188
69 55 467.29 4189
70 11 1.79 4190
93 34 43.7 4192
48 55 11.9 4195
79 11 1.79 4198
74 11 218.89 4203
79 77 11.5 4205
74 55 46.5 4207
82 48 1.29 4207
90 92 33.35 4207
55 87 8.98 4208
48 14 12.31 4208
94 74 4.49 4209
34 76 15.13 4209
74 14 7.68 4210
71 49 7.58 4211
15 69 2.6 4212
12 72 21.45 4212
67 83 39.98 4214
55 98 27.83 4214
81 86 1.0 4214
71 92 1.0 4214
61 82 712.0 4215
69 15 205.41 4215
56 55 304.98 4216
91 88 7.51 4218
41 92 278.15 4219
80 72 52.19 4222
94 81 15.0 4222
56 97 83.0 4223
99 71 211.32 4224
14 61 54.99 4224
93 76 9.99 4224
76 34 292.07 4225
86 98 22.0 4228
54 69 54.0 4228
62 74 262.0 4229
73 64 49.99 4229
36 27 24.0 4231
73 56 3.54 4231
73 50 0.89 4231
76 83 42.03 4231
77 37 4.91 4232
87 77 0.61 4232
95 12 467.27 4232
82 56 36.39 4233
88 86 34.2 4234
63 34 55.48 4235
99 93 7.17 4236
83 87 9.99 4236
76 81 1.98 4237
49 80 1.0 4237
70 95 25.0 4238
27 34 39.0 4238
54 97 5.49 4239
76 67 88.0 4240
71 88 41.0 4241
79 23 228.0 4241
39 70 36.0 4241
88 78 94.75 4241
62 95 15.0 4243
94 81 264.74 4244
96 82 1.46 4246
15 98 16.55 4247
56 99 8.99 4249
90 81 8.92 4250
27 37 225.21 4250
83 11 40.73 4250
73 86 60.57 4250
61 56 126.98 4252
67 94 12.33 4253
88 23 36.3 4253
37 15 18.07 4255
63 64 1.0 4256
56 72 1.98 4259
78 50 1.0 4260
23 30 29.99 4261
23 69 15.52 4262
73 36 31.17 4262
74 88 11.23 4262
81 55 77.85 4263
93 14 37.0 4263
98 14 16.6 4264
70 94 109.95 4264
70 83 11.99 4268
30 59 245.15 4269
37 97 69.99 4270
69 76 6.35 4271
38 11 1.0 4272
88 34 1.98 4272
82 14 10.62 4274
49 52 70.66 4278
74 76 0.77 4280
95 87 84.19 4283
99 75 40.08 4284
39 81 4.82 4284
45 63 55.47 4286
36 52 3.1 4287
77 27 4.5 4287
14 33 8.92 4287
99 94 10.0 4287
75 81 35.0 4288
27 61 46.78 4289
36 34 4.49 4289
91 98 74.0 4289
59 56 0.99 4290
36 55 120.0 4291
72 81 86.65 4292
15 76 36.0 4296
82 88 41.7 4299
98 48 98.0 4299
41 90 8.25 4299
37 62 8.45 4299
55 99 9.51 4300
88 86 1.0 4301
52 30 435.7 4302
55 90 74.0 4305
52 73 1.23 4305
38 37 5.0 4306
12 14 2.12 4306
30 36 234.23 4306
64 86 35.09 4307
67 11 64.9 4309
91 41 1.19 4309
91 45 149.38 4310
64 99 454.43 4310
27 71 8.99 4311
23 83 89.99 4312
37 50 20.0 4312
50 59 27.5 4312
63 71 20.0 4315
77 89 0.89 4315
52 55 350.0 4316
62 34 20.0 4316
98 62 90.0 4318
97 91 1.0 4319
89 69 131.36 4320
37 49 78.2 4321
95 88 24.99 4323
71 64 34.23 4323
70 74 11.34 4324
59 76 54.77 4324
87 63 252.84 4324
73 62 9.99 4325
95 97 2.69 4325
30 88 105.0 4325
48 89 2.12 4325
33 93 17.66 4326
56 98 1.29 4328
71 74 85.25 4330
67 49 43.96 4330
73 56 1.98 4330
52 77 400.0 4330
59 34 0.77 4330
77 82 66.0 4331
45 27 137.06 4334
96 63 0.99 4334
55 38 240.68 4335
96 92 135.0 4335
86 35 6.99 4335
33 82 24.99 4335
90 49 144.0 4336
88 77 4.13 4336
48 37 18.92 4337
96 78 2.69 4337
87 48 150.15 4339
33 90 238.75 4339
86 73 0.69 4340
52 71 48.36 4341
92 50 5.99 4342
90 70 3.67 4342
94 35 52.0 4343
72 75 364.16 4344
87 83 17.35 4346
56 39 14.9 4347
90 99 3.04 4350
73 30 21.0 4356
30 12 9.89 4357
35 62 0.99 4358
37 67 163.09 4358
94 67 38.5 4358
48 83 417.0 4361
11 96 54.24 4361
91 81 240.0 4362
92 78 0.68 4362
64 99 3.79 4364
91 59 257.37 4365
78 36 4.71 4366
77 54 44.67 4367
70 95 8.95 4367
50 62 48.39 4368
92 30 39.95 4368
77 99 3.27 4369
35 62 133.45 4369
37 80 1.98 4369
74 27 80.0 4370
37 95 10.0 4371
63 23 6.99 4371
80 55 1.98 4373
63 94 1300.0 4374
61 88 29.99 4376
94 12 39.0 4379
81 90 4.99 4380
79 96 25.0 4381
72 80 2.68 4381
62 80 29.99 4383
63 97 138.72 4383
95 59 1.78 4383
95 77 19.99 4385
80 59 28.75 4388
96 52 158.0 4389
11 50 7.58 4389
37 70 186.57 4389
64 48 4.49 4391
87 38 3.95 4394
88 35 57.78 4396
14 56 5.9 4397
81 86 1.0 4399
75 35 395.95 4401
67 76 309.6 4402
79 52 44.15 4402
69 63 489.74 4402
80 56 48.24 4402
92 61 1.98 4403
45 86 10.27 4404
61 50 11.99 4405
97 30 604.88 4405
82 37 101.68 4407
67 54 1.79 4408
63 89 85.0 4408
49 30 60.47 4410
59 52 5.99 4410
87 73 139.2 4410
52 30 3.57 4412
27 59 483.0 4413
70 36 54.0 4413
87 23 7.63 4414
34 56 27.0 4416
14 94 44.99 4419
76 14 30.88 4419
48 92 11.7 4420
97 72 6.99 4422
95 33 80.0 4423
97 50 25.0 4427
99 55 0.76 4427
90 55 19.16 4428
56 27 1644.77 4428
76 12 168.0 4429
36 78 34.62 4429
81 87 150.0 4430
52 67 21.95 4430
80 67 197.49 4430
94 33 11.85 4433
72 45 62.06 4434
39 14 1.0 4435
97 50 28.5 4435
11 15 89.4 4436
39 78 96.96 4436
90 38 22.85 4437
72 39 13.34 4437
82 94 40.0 4437
27 36 193.74 4438
59 77 13.9 4439
49 86 137.0 4440
54 23 15.0 4440
69 52 10.98 4442
87 45 49.99 4445
70 81 11.77 4447
99 30 9.99 4447
30 56 65.82 4448
82 70 1.79 4449
96 97 5.99 4449
59 79 185.04 4450
77 99 12.31 4451
83 74 7.45 4452
97 11 23.89 4454
34 94 15.0 4457
92 41 0.89 4459
73 23 17.99 4459
82 37 684.77 4459
91 15 102.0 4460
59 75 27.59 4460
34 61 23.0 4461
90 33 0.01 4463
62 56 1.29 4464
63 52 84.05 4464
97 76 84.0 4465
59 49 15.0 4465
79 50 1000.0 4468
88 14 37.6 4468
59 41 1.79 4468
73 63 23.0 4469
95 54 83.7 4470
62 99 150.0 4470
54 39 59.9 4471
54 15 6.27 4471
54 82 12.57 4471
67 39 1.63 4472
94 87 1.0 4472
72 80 41.94 4473
71 30 6.24 4476
45 33 534.98 4476
76 73 3.07 4476
94 74 20.91 4477
59 37 143.8 4478
39 71 1.78 4478
56 35 2.99 4479
45 64 23.94 4480
62 14 0.99 4482
67 91 8.98 4483
78 69 16.0 4484
30 86 139.98 4484
45 11 4.18 4485
45 72 25.34 4485
81 55 29.99 4486
69 76 67.5 4487
35 75 120.0 4487
74 15 10.04 4488
99 61 344.89 4489
96 56 11.5 4489
83 35 213.77 4490
49 79 0.76 4490
37 74 84.65 4490
95 14 1.0 4491
35 49 9.99 4493
33 73 60.0 4493
89 67 6.76 4496
81 50 38.2 4497
37 55 7.99 4498
36 34 17.99 4499
34 67 11.5 4499
61 91 247.6 4500
33 72 28.31 4501
74 80 1.0 4502
93 95 132.92 4502
33 35 29.71 4502
70 14 1.0 4502
83 81 0.8 4503
74 97 178.0 4503
78 41 0.74 4504
73 67 14.95 4506
71 95 9.99 4507
62 67 237.09 4509
38 92 1364.69 4510
52 45 17.73 4511
36 33 38.0 4511
63 35 323.44 4511
15 75 9.99 4513
39 12 28.3 4513
63 38 150.0 4514
82 83 24.5 4516
75 62 107.98 4517
35 88 33.23 4518
34 39 54.9 4519
90 78 29.45 4520
49 62 9.99 4522
82 49 10.0 4522
92 80 1.0 4525
96 77 5.0 4526
59 82 4.49 4529
27 35 359.8 4531
87 91 165.93 4531
59 86 89.0 4531
67 55 101.0 4533
34 15 38.0 4533
94 49 41.62 4535
14 91 119.0 4535
75 35 34.95 4536
35 64 34.99 4536
72 56 267.0 4538
63 62 1.0 4538
64 69 1.98 4539
63 99 9.99 4539
67 88 1.0 4539
11 48 2.99 4540
56 99 10.0 4540
88 37 15.0 4540
35 27 0.38 4541
91 86 35.0 4541
87 30 64.99 4541
82 54 126.0 4542
79 54 10.5 4543
30 27 6.99 4544
90 75 65.06 4545
49 14 3.57 4547
35 54 11.02 4549
76 72 44.05 4549
67 39 10.07 4549
75 59 7.96 4550
78 88 12.0 4551
23 36 54.99 4553
59 64 9.51 4555
49 23 25.0 4556
35 50 157.0 4556
96 98 5.99 4557
78 15 30.0 4558
52 97 10.48 4559
83 41 113.54 4559
37 45 1.99 4560
83 15 12.31 4561
89 96 676.74 4562
61 11 83.0 4562
80 86 199.04 4562
69 71 14.4 4562
23 52 40.78 4564
64 35 1.98 4564
39 30 21.24 4564
91 92 127.92 4565
69 34 15.37 4565
38 56 0.89 4565
90 27 5.01 4565
56 90 144.0 4566
38 96 4.49 4566
89 87 41.0 4567
34 27 1.5 4567
23 14 14.2 4569
76 97 0.89 4569
12 81 12.96 4570
75 48 11.85 4570
81 14 0.89 4572
23 67 223.33 4573
59 11 40.0 4573
97 95 0.76 4574
87 27 17.99 4576
12 69 50.0 4576
38 97 98.01 4577
33 63 87.1 4581
91 39 19.99 4582
45 90 96.0 4583
11 80 63.22 4584
52 11 3.99 4589
27 41 10.0 4590
41 92 22.69 4591
35 64 190.56 4592
15 30 104.02 4592
41 82 9.99 4592
41 95 2.69 4593
82 34 174.0 4596
59 54 8.99 4596
73 76 239.57 4597
98 81 239.16 4598
36 64 1.29 4598
80 97 12.8 4598
67 76 48.0 4601
63 89 1.0 4601
41 89 17.99 4601
81 79 14.35 4602
88 36 6.89 4604
90 99 33.51 4605
62 59 1.0 4605
75 69 25.5 4605
63 73 104.7 4606
95 56 3.58 4606
99 59 1.0 4607
12 67 0.76 4608
99 82 9.99 4608
81 37 257.8 4608
71 89 90.0 4608
64 97 4.0 4609
76 91 15.0 4611
56 61 5.49 4612
96 97 130.0 4612
11 36 116.0 4613
49 11 56.84 4614
94 82 15.0 4614
38 89 189.0 4615
91 61 500.0 4615
82 35 89.9 4616
56 55 46.43 4616
78 83 4.49 4617
78 91 7.99 4617
75 36 3.25 4620
96 12 110.84 4621
69 64 5.9 4621
49 72 1.79 4623
27 39 147.96 4624
81 75 701.3 4624
12 81 15.0 4624
87 54 21.93 4626
97 15 16.9 4626
97 59 270.0 4628
35 48 24.27 4628
74 79 150.0 4634
62 99 187.06 4634
69 78 32.71 4635
91 39 6.93 4636
14 64 140.0 4638
73 74 64.0 4639
14 27 57.0 4639
93 76 47.09 4641
86 63 1174.85 4641
35 72 132.98 4642
80 62 5.12 4643
88 15 6.74 4644
77 48 86.46 4644
98 14 108.94 4646
97 77 9.0 4648
88 36 10.99 4648
75 14 0.99 4648
36 87 11.66 4649
86 62 15.35 4650
62 63 4.26 4652
92 76 39.0 4653
71 82 1.55 4655
78 93 19.95 4656
33 98 41.07 4656
34 77 17.2 4658
38 45 73.46 4658
67 90 1.78 4659
56 96 20.0 4662
39 49 8.22 4663
73 76 264.15 4663
11 39 605.48 4667
87 50 30.0 4667
45 39 9.99 4668
38 50 5.0 4671
98 90 0.05 4673
45 81 1.79 4673
83 77 10.64 4674
92 80 0.15 4675
63 72 316.0 4676
11 38 22.72 4677
91 39 4.94 4678
97 56 45.7 4678
87 79 52.95 4678
37 41 48.75 4678
94 88 11.5 4680
23 54 11.5 4681
34 48 102.3 4681
49 45 19.66 4682
61 82 9.1 4683
83 82 50.0 4683
39 52 3.47 4685
35 87 105.85 4685
74 37 11.85 4686
98 83 0.01 4687
76 48 36.54 4688
86 77 901.5 4689
11 34 2.5 4691
97 64 9.99 4691
62 14 4.49 4691
91 59 41.78 4691
27 70 259.0 4692
99 45 1.98 4692
61 76 68.78 4693
94 41 1.68 4694
92 87 1053.55 4695
41 49 54.9 4695
99 91 15.0 4696
75 15 3.91 4700
15 81 4.49 4700
95 56 5.99 4700
36 15 75.95 4700
91 56 145.0 4701
89 80 3.57 4702
75 14 26.5 4703
56 76 80.0 4704
81 79 235.02 4705
81 75 45.53 4705
94 69 18.83 4706
33 30 13.99 4708
33 35 1.0 4711
99 38 96.75 4711
38 23 52.95 4711
83 33 90.0 4713
86 39 35.72 4714
63 75 9.94 4714
93 78 92.12 4715
79 27 110.0 4715
61 92 57.61 4716
63 78 41.72 4717
48 94 45.97 4717
83 72 15.99 4717
91 11 1.54 4717
50 76 62.42 4718
54 39 39.0 4719
64 38 75.0 4720
59 61 89.99 4721
41 98 52.9 4722
38 67 234.8 4722
76 71 16.66 4723
61 93 0.89 4726
92 87 6.25 4726
99 97 275.84 4727
56 83 1.0 4729
77 11 1516.7 4729
23 12 28.4 4730
96 35 10.0 4731
49 89 4.56 4731
64 11 92.8 4732
14 80 9.99 4733
36 63 59.29 4733
27 76 1.5 4734
14 75 378.23 4734
75 63 1.0 4734
15 11 44.3 4736
82 38 1.0 4738
12 86 8.82 4738
34 90 1.46 4739
87 95 2.31 4741
79 80 46.9 4745
93 35 151.49 4747
94 78 107.36 4747
76 63 33.35 4747
97 70 25.0 4747
35 81 410.95 4750
77 72 10.0 4751
75 97 9.99 4753
39 94 33.35 4754
36 52 60.46 4755
72 56 835.0 4756
97 45 5.37 4760
91 94 12.99 4760
39 33 9.13 4761
82 69 165.68 4764
72 55 17.99 4765
69 36 68.9 4765
90 67 8.99 4766
77 99 461.05 4766
77 73 1.0 4767
96 69 338.79 4769
79 33 418.03 4770
37 81 6.0 4770
45 39 45.85 4770
36 92 36.96 4771
97 72 55.48 4773
14 55 294.0 4774
27 74 141.59 4776
14 63 1.0 4776
36 41 127.98 4781
11 30 9.98 4782
88 15 1.0 4783
76 93 15.9 4783
81 12 9.99 4784
48 36 242.3 4784
96 55 3.75 4787
45 33 1.0 4788
86 88 12.31 4790
14 71 74.38 4791
75 63 156.2 4793
37 81 18.07 4793
71 49 1.0 4794
11 93 25.0 4796
82 94 67.94 4796
73 91 128.2 4797
41 36 49.41 4797
12 97 1.52 4800
91 82 42.81 4802
95 90 61.23 4803
78 59 1.0 4804
49 87 75.63 4805
69 63 158.0 4807
12 94 196.0 4807
48 96 1.98 4807
78 38 378.85 4809
14 82 10.44 4809
74 41 258.99 4812
55 93 8.98 4813
77 95 55.07 4813
34 86 2.69 4814
73 88 20.98 4815
30 23 32.0 4815
78 99 135.0 4815
91 75 18.5 4818
14 45 0.89 4819
63 88 9.99 4820
83 49 1.93 4821
80 52 36.0 4822
73 69 2.31 4823
83 54 19.99 4824
11 88 45.0 4825
98 81 217.74 4826
78 55 15.0 4827
82 59 126.47 4827
35 38 49.99 4828
55 48 21.06 4828
79 34 42.0 4828
72 89 165.0 4831
90 74 30.89 4833
56 80 3.99 4835
34 11 136.66 4835
59 34 43.99 4835
30 54 709.09 4836
35 94 1.0 4836
88 27 495.28 4836
36 55 112.9 4837
52 39 43.99 4837
93 56 43.32 4838
33 97 15.95 4839
12 74 700.0 4839
86 33 3.57 4841
62 90 3.02 4843
88 12 7.68 4844
92 82 17.24 4846
86 45 5.49 4846
81 56 8.99 4847
92 90 27.6 4848
96 64 2.29 4848
81 36 1.29 4851
36 80 96.8 4852
99 59 44.88 4854
36 55 24.39 4857
54 70 160.0 4857
27 70 55.96 4859
98 90 22.69 4863
76 95 9.99 4864
83 97 11.85 4865
70 33 1.29 4865
90 34 1.0 4866
91 41 55.85 4866
73 59 0.89 4867
45 37 48.95 4868
72 14 17.0 4870
41 36 1.0 4870
35 36 69.0 4871
70 99 100.0 4871
96 83 1.0 4872
34 82 2.0 4873
86 77 0.76 4876
92 73 142.83 4878
96 35 0.76 4879
98 93 40.0 4880
83 33 31.93 4880
99 30 55.0 4882
73 15 220.28 4882
38 49 1198.0 4884
35 91 10.98 4885
64 96 1013.29 4886
35 88 7.13 4888
15 70 0.92 4888
70 72 0.99 4889
86 37 8.69 4892
88 79 38.27 4892
88 12 34.93 4894
45 92 0.99 4895
83 38 3.49 4895
83 56 3.87 4896
54 89 1.0 4896
74 88 26.71 4897
38 52 48.04 4899
34 72 12.31 4899
96 97 119.0 4902
71 34 47.0 4902
35 62 12.22 4902
76 35 25.0 4907
78 95 0.76 4907
52 50 299.0 4908
94 62 9.99 4910
79 27 1.0 4911
64 41 1042.89 4912
39 33 5.31 4913
35 63 159.0 4914
59 79 1498.26 4914
62 12 1211.21 4917
23 96 1.0 4918
48 52 32.19 4920
86 63 104.9 4920
50 82 15.62 4921
74 99 40.0 4921
89 90 9.08 4921
12 62 6.85 4923
30 92 39.95 4924
15 75 73.85 4925
39 33 47.0 4925
36 15 9.99 4926
63 33 15.0 4927
79 89 0.89 4928
87 63 3.03 4929
52 82 94.82 4930
77 92 143.8 4931
27 95 119.0 4932
15 97 224.0 4934
70 95 0.89 4937
95 79 2.0 4939
63 54 115.06 4940
95 15 64.86 4941
49 35 27.72 4942
36 54 120.4 4942
30 38 5.99 4942
83 79 56.0 4943
74 75 12.31 4944
94 62 7.49 4944
86 72 12.98 4945
45 83 1.0 4947
95 98 49.9 4948
78 14 59.9 4950
67 30 2.28 4950
45 35 66.0 4953
54 77 90.0 4954
37 86 41.0 4956
80 97 125.9 4957
92 14 53.0 4958
86 80 159.98 4959
90 78 15.95 4960
54 67 11.5 4960
33 82 7.5 4961
94 55 7.74 4961
94 33 148.9 4961
35 67 21.5 4962
71 90 2.36 4968
35 97 15.95 4968
83 52 140.0 4969
34 15 1.29 4970
93 95 34.99 4971
52 30 334.29 4971
72 23 22.9 4972
67 23 66.97 4974
23 81 0.75 4976
45 61 1.29 4976
35 34 1.29 4976
15 81 75.0 4976
80 56 3.59 4976
70 96 10.7 4978
99 30 56.19 4981
90 82 0.99 4982
77 48 11.85 4982
63 92 69.94 4982
95 52 5.0 4983
63 14 1.0 4983
48 37 95.0 4986
74 49 1.99 4986
90 79 76.32 4988
83 54 188.0 4988
52 89 56.92 4988
12 41 460.0 4990
73 90 1.71 4990
81 92 1.0 4995
90 72 45.0 4996
67 95 0.89 4997
93 45 23.66 4997
67 30 3849.85 4998
54 92 138.19 5000
